通53路(地铁梨园站--苍头村)
0,17,0.3333333333333333
0,46,1.0
0,51,0.3333333333333333
0,57,1.0
0,69,0.3333333333333333
0,82,0.3333333333333333
0,135,1.0
0,139,1.0
0,152,1.0
0,170,1.0
0,174,0.3333333333333333
0,213,0.3333333333333333
0,214,0.3333333333333333
1,3,0.3333333333333333
1,90,0.3333333333333333
1,105,0.3333333333333333
1,120,0.3333333333333333
1,181,0.3333333333333333
1,208,1.0
1,219,1.0
1,228,0.3333333333333333
1,12,1.0
1,25,0.3333333333333333
1,99,0.3333333333333333
1,15,0.3333333333333333
1,32,0.3333333333333333
1,75,0.3333333333333333
1,76,0.3333333333333333
1,102,0.3333333333333333
1,114,0.3333333333333333
1,117,0.3333333333333333
1,133,0.3333333333333333
1,159,0.5
1,161,1.0
1,190,0.3333333333333333
1,225,0.5
1,237,0.3333333333333333
2,208,1.0
2,209,1.0
2,218,1.0
2,219,1.0
2,14,0.3333333333333333
2,26,0.3333333333333333
2,33,0.3333333333333333
2,74,0.3333333333333333
2,86,0.3333333333333333
2,100,0.3333333333333333
2,116,0.3333333333333333
2,160,0.3333333333333333
2,191,0.3333333333333333
2,239,0.3333333333333333
2,85,1.0
3,4,0.2
3,11,0.2
3,24,0.2
3,91,0.2
3,98,0.2
3,106,0.2
3,113,0.2
3,121,1.0
3,182,0.2
3,189,0.2
3,229,0.2
3,236,0.2
3,14,0.3333333333333333
3,26,0.3333333333333333
3,33,0.3333333333333333
3,74,0.3333333333333333
3,77,0.3333333333333333
3,86,0.3333333333333333
3,89,0.3333333333333333
3,100,0.3333333333333333
3,103,0.3333333333333333
3,116,0.3333333333333333
3,119,0.3333333333333333
3,160,0.3333333333333333
3,180,0.3333333333333333
3,191,0.3333333333333333
3,208,1.0
3,219,1.0
3,220,1.0
3,226,0.3333333333333333
3,227,0.3333333333333333
3,239,0.3333333333333333
4,140,1.0
4,146,1.0
4,153,1.0
4,169,1.0
4,5,0.16666666666666666
4,10,0.16666666666666666
4,23,0.16666666666666666
4,90,0.2
4,92,0.16666666666666666
4,97,0.16666666666666666
4,105,0.2
4,107,0.16666666666666666
4,112,0.16666666666666666
4,120,0.2
4,122,0.16666666666666666
4,141,1.0
4,145,1.0
4,154,1.0
4,155,1.0
4,167,1.0
4,168,1.0
4,181,0.2
4,183,0.16666666666666666
4,188,0.16666666666666666
4,208,1.0
4,209,1.0
4,218,1.0
4,219,1.0
4,228,0.2
4,230,0.16666666666666666
4,235,0.16666666666666666
5,140,1.0
5,146,1.0
5,153,1.0
5,169,1.0
5,6,0.16666666666666666
5,7,0.2
5,8,0.2
5,9,0.16666666666666666
5,21,0.2
5,22,0.16666666666666666
5,91,0.2
5,93,0.16666666666666666
5,95,1.0
5,96,0.16666666666666666
5,106,0.2
5,108,0.16666666666666666
5,110,0.2
5,111,0.16666666666666666
5,123,0.16666666666666666
5,124,0.2
5,141,1.0
5,145,1.0
5,154,1.0
5,155,1.0
5,167,1.0
5,168,1.0
5,182,0.2
5,184,0.16666666666666666
5,185,0.2
5,186,0.2
5,187,0.16666666666666666
5,229,0.2
5,231,0.16666666666666666
5,233,0.2
5,234,0.16666666666666666
6,10,0.16666666666666666
6,23,0.16666666666666666
6,92,0.16666666666666666
6,97,0.16666666666666666
6,107,0.16666666666666666
6,112,0.16666666666666666
6,122,0.16666666666666666
6,183,0.16666666666666666
6,188,0.16666666666666666
6,230,0.16666666666666666
6,235,0.16666666666666666
7,9,0.2
7,22,0.2
7,92,0.2
7,96,0.2
7,111,0.2
7,183,0.2
7,187,0.2
7,230,0.2
7,234,0.2
8,92,0.2
8,107,0.2
8,122,0.2
8,183,0.2
8,230,0.2
9,140,1.0
9,146,1.0
9,153,1.0
9,169,1.0
9,10,0.16666666666666666
9,23,0.16666666666666666
9,92,0.16666666666666666
9,94,0.2
9,97,0.16666666666666666
9,107,0.16666666666666666
9,109,0.2
9,112,0.16666666666666666
9,122,0.16666666666666666
9,124,0.2
9,145,1.0
9,168,1.0
9,183,0.16666666666666666
9,185,0.2
9,188,0.16666666666666666
9,230,0.16666666666666666
9,232,0.2
9,235,0.16666666666666666
10,140,1.0
10,146,1.0
10,153,1.0
10,169,1.0
10,11,0.2
10,22,0.16666666666666666
10,24,0.2
10,91,0.2
10,93,0.16666666666666666
10,96,0.16666666666666666
10,98,0.2
10,106,0.2
10,108,0.16666666666666666
10,111,0.16666666666666666
10,113,0.2
10,121,1.0
10,123,0.16666666666666666
10,141,1.0
10,154,1.0
10,155,1.0
10,167,1.0
10,182,0.2
10,184,0.16666666666666666
10,187,0.16666666666666666
10,189,0.2
10,229,0.2
10,231,0.16666666666666666
10,234,0.16666666666666666
10,236,0.2
11,140,1.0
11,153,1.0
11,12,1.0
11,23,0.16666666666666666
11,90,0.2
11,97,0.16666666666666666
11,105,0.2
11,112,0.16666666666666666
11,120,0.2
11,141,1.0
11,145,1.0
11,154,1.0
11,155,1.0
11,167,1.0
11,168,1.0
11,181,0.2
11,188,0.16666666666666666
11,208,1.0
11,209,1.0
11,218,1.0
11,219,1.0
11,228,0.2
11,235,0.16666666666666666
12,24,1.0
12,98,1.0
12,113,1.0
12,189,1.0
12,236,1.0
12,208,1.0
12,209,1.0
12,218,1.0
12,219,1.0
12,14,1.0
12,26,1.0
12,33,1.0
12,74,1.0
12,77,1.0
12,86,1.0
12,89,1.0
12,100,1.0
12,103,1.0
12,116,1.0
12,119,1.0
12,160,1.0
12,180,1.0
12,191,1.0
12,220,1.0
12,226,1.0
12,239,1.0
13,208,1.0
13,209,1.0
13,218,1.0
13,219,1.0
13,14,0.3333333333333333
13,26,0.3333333333333333
13,33,0.3333333333333333
13,74,0.3333333333333333
13,86,0.3333333333333333
13,100,0.3333333333333333
13,116,0.3333333333333333
13,119,0.3333333333333333
13,160,0.3333333333333333
13,180,0.3333333333333333
13,191,0.3333333333333333
13,239,0.3333333333333333
13,85,1.0
14,90,0.3333333333333333
14,105,0.3333333333333333
14,120,0.3333333333333333
14,181,0.3333333333333333
14,228,0.3333333333333333
14,25,0.3333333333333333
14,99,0.3333333333333333
14,15,0.3333333333333333
14,32,0.3333333333333333
14,34,1.0
14,75,0.3333333333333333
14,76,0.3333333333333333
14,85,1.0
14,87,0.5
14,102,0.3333333333333333
14,104,0.3333333333333333
14,114,0.3333333333333333
14,115,0.3333333333333333
14,117,0.3333333333333333
14,132,1.0
14,133,0.3333333333333333
14,159,0.5
14,161,1.0
14,190,0.3333333333333333
14,207,1.0
14,220,1.0
14,225,0.5
14,227,0.3333333333333333
14,237,0.3333333333333333
14,238,0.3333333333333333
14,240,0.5
15,26,0.3333333333333333
15,33,0.3333333333333333
15,74,0.3333333333333333
15,77,0.3333333333333333
15,86,0.3333333333333333
15,89,0.3333333333333333
15,100,0.3333333333333333
15,103,0.3333333333333333
15,116,0.3333333333333333
15,119,0.3333333333333333
15,160,0.3333333333333333
15,180,0.3333333333333333
15,191,0.3333333333333333
15,226,0.3333333333333333
15,239,0.3333333333333333
15,84,1.0
15,85,1.0
15,87,1.0
15,159,1.0
15,162,1.0
15,225,1.0
15,240,1.0
16,17,0.3333333333333333
16,46,1.0
16,51,0.3333333333333333
16,57,1.0
16,69,0.3333333333333333
16,82,0.3333333333333333
16,135,1.0
16,139,1.0
16,152,1.0
16,170,1.0
16,174,0.3333333333333333
16,213,0.3333333333333333
16,214,0.3333333333333333
17,18,0.3333333333333333
17,45,1.0
17,50,1.0
17,56,0.3333333333333333
17,58,0.3333333333333333
17,59,0.3333333333333333
17,64,0.3333333333333333
17,65,0.3333333333333333
17,70,1.0
17,81,1.0
17,125,1.0
17,134,0.3333333333333333
17,136,1.0
17,158,0.3333333333333333
17,165,0.3333333333333333
17,171,1.0
17,172,0.3333333333333333
17,173,0.3333333333333333
17,175,0.3333333333333333
17,212,0.3333333333333333
17,215,0.3333333333333333
18,46,1.0
18,51,0.3333333333333333
18,57,1.0
18,69,0.3333333333333333
18,82,0.3333333333333333
18,135,1.0
18,174,0.3333333333333333
18,213,0.3333333333333333
18,214,0.3333333333333333
18,43,1.0
18,48,1.0
18,54,0.5
18,62,1.0
18,66,0.5
18,210,1.0
18,217,1.0
19,45,1.0
19,50,1.0
19,56,0.5
19,64,0.5
19,70,1.0
19,81,1.0
19,212,0.5
19,43,1.0
19,48,1.0
19,54,0.5
19,62,1.0
19,20,0.5
19,67,1.0
19,78,1.0
19,138,1.0
19,177,0.5
20,66,0.5
20,44,1.0
20,49,1.0
20,55,0.5
20,63,0.5
20,72,0.5
20,137,0.5
20,176,0.5
20,79,0.5
21,92,0.2
21,107,0.2
21,122,0.2
21,183,0.2
21,230,0.2
22,140,1.0
22,146,1.0
22,153,1.0
22,169,1.0
22,23,0.16666666666666666
22,92,0.16666666666666666
22,94,0.2
22,97,0.16666666666666666
22,107,0.16666666666666666
22,109,0.2
22,112,0.16666666666666666
22,122,0.16666666666666666
22,124,0.2
22,145,1.0
22,168,1.0
22,183,0.16666666666666666
22,185,0.2
22,188,0.16666666666666666
22,230,0.16666666666666666
22,232,0.2
22,235,0.16666666666666666
23,140,1.0
23,146,1.0
23,153,1.0
23,169,1.0
23,24,0.2
23,91,0.2
23,93,0.16666666666666666
23,96,0.16666666666666666
23,98,0.2
23,106,0.2
23,108,0.16666666666666666
23,111,0.16666666666666666
23,113,0.2
23,121,1.0
23,123,0.16666666666666666
23,141,1.0
23,154,1.0
23,155,1.0
23,167,1.0
23,182,0.2
23,184,0.16666666666666666
23,187,0.16666666666666666
23,189,0.2
23,229,0.2
23,231,0.16666666666666666
23,234,0.16666666666666666
23,236,0.2
24,140,1.0
24,153,1.0
24,25,0.2
24,90,0.2
24,97,0.16666666666666666
24,99,0.2
24,105,0.2
24,112,0.16666666666666666
24,120,0.2
24,141,1.0
24,145,1.0
24,154,1.0
24,155,1.0
24,167,1.0
24,168,1.0
24,181,0.2
24,188,0.16666666666666666
24,208,1.0
24,209,1.0
24,218,1.0
24,219,1.0
24,228,0.2
24,235,0.16666666666666666
25,98,0.2
25,113,0.2
25,189,0.2
25,236,0.2
25,208,1.0
25,209,1.0
25,218,1.0
25,219,1.0
25,26,0.3333333333333333
25,33,0.3333333333333333
25,74,0.3333333333333333
25,77,0.3333333333333333
25,86,0.3333333333333333
25,89,0.3333333333333333
25,100,0.3333333333333333
25,103,0.3333333333333333
25,116,0.3333333333333333
25,119,0.3333333333333333
25,160,0.3333333333333333
25,180,0.3333333333333333
25,191,0.3333333333333333
25,220,1.0
25,226,0.3333333333333333
25,239,0.3333333333333333
26,90,0.3333333333333333
26,105,0.3333333333333333
26,120,0.3333333333333333
26,181,0.3333333333333333
26,228,0.3333333333333333
26,99,0.3333333333333333
26,32,0.3333333333333333
26,75,0.3333333333333333
26,76,0.3333333333333333
26,87,0.5
26,102,0.3333333333333333
26,104,0.3333333333333333
26,114,0.3333333333333333
26,115,0.3333333333333333
26,117,0.3333333333333333
26,133,0.3333333333333333
26,159,0.5
26,161,1.0
26,190,0.3333333333333333
26,225,0.5
26,227,0.3333333333333333
26,237,0.3333333333333333
26,238,0.3333333333333333
26,240,0.5
27,84,1.0
27,162,1.0
28,144,1.0
28,166,1.0
28,142,1.0
28,156,1.0
28,30,0.5
28,35,1.0
28,39,0.5
28,131,1.0
28,143,0.5
28,149,0.5
28,157,0.5
28,206,1.0
28,221,1.0
28,223,0.5
29,144,1.0
29,166,1.0
29,30,0.3333333333333333
29,35,1.0
29,36,1.0
29,39,0.3333333333333333
29,130,1.0
29,131,1.0
29,143,0.3333333333333333
29,149,0.3333333333333333
29,157,0.3333333333333333
29,197,1.0
29,206,1.0
29,221,1.0
29,223,0.3333333333333333
30,144,0.5
30,166,0.5
30,142,0.5
30,156,0.5
30,37,0.3333333333333333
30,38,0.25
30,41,0.3333333333333333
30,52,1.0
30,126,0.3333333333333333
30,127,1.0
30,128,0.25
30,129,0.3333333333333333
30,147,0.3333333333333333
30,148,0.25
30,194,0.3333333333333333
30,195,1.0
30,196,1.0
30,199,0.25
30,200,0.3333333333333333
30,202,0.25
30,203,0.3333333333333333
30,205,0.25
30,222,0.25
32,33,0.3333333333333333
32,74,0.3333333333333333
32,77,0.3333333333333333
32,86,0.3333333333333333
32,89,0.3333333333333333
32,100,0.3333333333333333
32,103,0.3333333333333333
32,116,0.3333333333333333
32,119,0.3333333333333333
32,160,0.3333333333333333
32,180,0.3333333333333333
32,191,0.3333333333333333
32,226,0.3333333333333333
32,239,0.3333333333333333
32,84,1.0
32,87,1.0
32,159,1.0
32,162,1.0
32,225,1.0
32,240,1.0
33,90,0.3333333333333333
33,105,0.3333333333333333
33,120,0.3333333333333333
33,181,0.3333333333333333
33,228,0.3333333333333333
33,99,0.3333333333333333
33,34,1.0
33,75,0.3333333333333333
33,76,0.3333333333333333
33,85,1.0
33,87,0.5
33,102,0.3333333333333333
33,104,0.3333333333333333
33,114,0.3333333333333333
33,115,0.3333333333333333
33,117,0.3333333333333333
33,132,1.0
33,133,0.3333333333333333
33,159,0.5
33,161,1.0
33,190,0.3333333333333333
33,207,1.0
33,220,1.0
33,225,0.5
33,227,0.3333333333333333
33,237,0.3333333333333333
33,238,0.3333333333333333
33,240,0.5
34,74,1.0
34,86,1.0
34,116,1.0
34,220,1.0
34,239,1.0
34,207,1.0
34,35,1.0
34,36,1.0
34,131,1.0
34,197,1.0
34,206,1.0
34,221,1.0
35,220,1.0
35,207,1.0
35,37,1.0
35,38,1.0
35,128,1.0
35,129,1.0
35,147,1.0
35,148,1.0
35,194,1.0
35,199,1.0
35,200,1.0
35,202,1.0
35,203,1.0
35,205,1.0
35,222,1.0
35,132,1.0
36,220,1.0
36,142,1.0
36,156,1.0
36,207,1.0
36,38,1.0
36,128,1.0
36,148,1.0
36,199,1.0
36,202,1.0
36,205,1.0
36,222,1.0
36,132,1.0
37,144,1.0
37,166,1.0
37,142,1.0
37,156,1.0
37,39,0.5
37,131,1.0
37,143,0.5
37,149,0.5
37,157,0.5
37,206,1.0
37,221,1.0
37,223,0.5
38,144,1.0
38,166,1.0
38,39,0.3333333333333333
38,130,1.0
38,131,1.0
38,143,0.3333333333333333
38,149,0.3333333333333333
38,157,0.3333333333333333
38,197,1.0
38,206,1.0
38,221,1.0
38,223,0.3333333333333333
39,144,0.5
39,166,0.5
39,142,0.5
39,156,0.5
39,41,0.3333333333333333
39,52,1.0
39,126,0.3333333333333333
39,127,1.0
39,128,0.25
39,129,0.3333333333333333
39,147,0.3333333333333333
39,148,0.25
39,151,0.3333333333333333
39,164,0.3333333333333333
39,194,0.3333333333333333
39,199,0.25
39,200,0.3333333333333333
39,202,0.25
39,203,0.3333333333333333
39,205,0.25
39,222,0.25
41,143,0.3333333333333333
41,149,0.3333333333333333
41,157,0.3333333333333333
41,223,0.3333333333333333
42,43,1.0
42,48,1.0
42,54,1.0
42,62,1.0
43,45,1.0
43,50,1.0
43,56,1.0
43,64,1.0
43,65,1.0
43,136,1.0
43,175,1.0
43,212,1.0
43,215,1.0
43,44,1.0
43,47,1.0
43,49,1.0
43,53,1.0
43,55,1.0
43,61,1.0
43,63,1.0
43,66,1.0
43,71,1.0
43,72,1.0
43,79,1.0
43,80,1.0
43,137,1.0
43,176,1.0
43,178,1.0
43,211,1.0
43,216,1.0
44,45,1.0
44,50,1.0
44,56,1.0
44,64,1.0
44,70,1.0
44,81,1.0
44,212,1.0
44,48,1.0
44,54,1.0
44,62,1.0
44,61,1.0
44,67,1.0
44,78,1.0
44,138,1.0
44,177,1.0
45,46,1.0
45,51,1.0
45,57,1.0
45,69,1.0
45,82,1.0
45,135,1.0
45,174,1.0
45,213,1.0
45,214,1.0
45,48,1.0
45,49,1.0
45,54,1.0
45,55,1.0
45,62,1.0
45,63,1.0
45,66,1.0
45,72,1.0
45,137,1.0
45,176,1.0
45,210,1.0
45,217,1.0
46,50,1.0
46,56,1.0
46,58,1.0
46,59,1.0
46,64,1.0
46,65,1.0
46,70,1.0
46,81,1.0
46,125,1.0
46,134,1.0
46,136,1.0
46,158,1.0
46,165,1.0
46,171,1.0
46,172,1.0
46,173,1.0
46,175,1.0
46,212,1.0
46,215,1.0
47,48,1.0
47,54,1.0
47,62,1.0
48,50,1.0
48,56,1.0
48,64,1.0
48,65,1.0
48,136,1.0
48,175,1.0
48,212,1.0
48,215,1.0
48,49,1.0
48,53,1.0
48,55,1.0
48,61,1.0
48,63,1.0
48,66,1.0
48,71,1.0
48,72,1.0
48,79,1.0
48,80,1.0
48,137,1.0
48,176,1.0
48,178,1.0
48,211,1.0
48,216,1.0
49,50,1.0
49,64,1.0
49,70,1.0
49,81,1.0
49,212,1.0
49,54,1.0
49,62,1.0
49,67,1.0
49,78,1.0
49,138,1.0
49,177,1.0
50,51,1.0
50,57,1.0
50,69,1.0
50,82,1.0
50,135,1.0
50,174,1.0
50,213,1.0
50,214,1.0
50,54,1.0
50,55,1.0
50,62,1.0
50,63,1.0
50,66,1.0
50,72,1.0
50,137,1.0
50,176,1.0
50,210,1.0
50,217,1.0
51,56,0.3333333333333333
51,58,0.3333333333333333
51,59,0.3333333333333333
51,64,0.3333333333333333
51,65,0.3333333333333333
51,70,1.0
51,81,1.0
51,125,1.0
51,134,0.3333333333333333
51,136,1.0
51,158,0.3333333333333333
51,165,0.3333333333333333
51,171,1.0
51,172,0.3333333333333333
51,173,0.3333333333333333
51,175,0.3333333333333333
51,212,0.3333333333333333
51,215,0.3333333333333333
52,143,1.0
52,149,1.0
52,157,1.0
52,223,1.0
53,54,1.0
53,62,1.0
54,56,0.5
54,64,0.5
54,65,0.5
54,136,1.0
54,175,0.5
54,212,0.5
54,215,0.5
54,55,0.5
54,61,1.0
54,63,0.5
54,66,0.5
54,71,1.0
54,72,0.5
54,79,0.5
54,80,1.0
54,137,0.5
54,176,0.5
54,178,1.0
54,211,1.0
54,216,1.0
55,64,0.5
55,70,1.0
55,81,1.0
55,212,0.5
55,62,1.0
55,67,1.0
55,78,1.0
55,138,1.0
55,177,0.5
56,57,1.0
56,69,0.3333333333333333
56,82,0.3333333333333333
56,135,1.0
56,174,0.3333333333333333
56,213,0.3333333333333333
56,214,0.3333333333333333
56,62,1.0
56,66,0.5
56,72,0.5
56,137,0.5
56,176,0.5
56,210,1.0
56,217,1.0
57,58,1.0
57,59,1.0
57,64,1.0
57,65,1.0
57,70,1.0
57,81,1.0
57,125,1.0
57,134,1.0
57,136,1.0
57,158,1.0
57,165,1.0
57,171,1.0
57,172,1.0
57,173,1.0
57,175,1.0
57,212,1.0
57,215,1.0
58,69,0.3333333333333333
58,82,0.3333333333333333
58,135,1.0
58,139,1.0
58,152,1.0
58,170,1.0
58,174,0.3333333333333333
58,213,0.3333333333333333
58,214,0.3333333333333333
59,69,0.3333333333333333
59,82,0.3333333333333333
59,135,1.0
59,139,1.0
59,152,1.0
59,170,1.0
59,174,0.3333333333333333
59,213,0.3333333333333333
59,214,0.3333333333333333
61,62,1.0
61,66,1.0
61,72,1.0
61,137,1.0
61,176,1.0
62,64,1.0
62,65,1.0
62,136,1.0
62,175,1.0
62,212,1.0
62,215,1.0
62,63,1.0
62,66,1.0
62,71,1.0
62,72,1.0
62,79,1.0
62,80,1.0
62,137,1.0
62,176,1.0
62,178,1.0
62,211,1.0
62,216,1.0
63,64,0.5
63,70,1.0
63,81,1.0
63,212,0.5
63,67,1.0
63,78,1.0
63,138,1.0
63,177,0.5
64,69,0.3333333333333333
64,82,0.3333333333333333
64,135,1.0
64,174,0.3333333333333333
64,213,0.3333333333333333
64,214,0.3333333333333333
64,66,0.5
64,72,0.5
64,137,0.5
64,176,0.5
64,210,1.0
64,217,1.0
65,69,0.3333333333333333
65,82,0.3333333333333333
65,135,1.0
65,174,0.3333333333333333
65,213,0.3333333333333333
65,214,0.3333333333333333
65,138,1.0
65,210,1.0
65,217,1.0
66,70,1.0
66,81,1.0
66,136,1.0
66,212,0.5
66,67,1.0
66,78,1.0
66,138,1.0
66,177,0.5
67,72,1.0
67,137,1.0
67,176,1.0
67,79,1.0
69,70,1.0
69,81,1.0
69,125,1.0
69,134,0.3333333333333333
69,136,1.0
69,158,0.3333333333333333
69,165,0.3333333333333333
69,171,1.0
69,172,0.3333333333333333
69,173,0.3333333333333333
69,175,0.3333333333333333
69,212,0.3333333333333333
69,215,0.3333333333333333
70,82,1.0
70,135,1.0
70,174,1.0
70,213,1.0
70,214,1.0
70,72,1.0
70,78,1.0
70,79,1.0
70,137,1.0
70,176,1.0
71,210,1.0
71,217,1.0
71,78,1.0
71,73,1.0
72,81,1.0
72,136,1.0
72,212,0.5
72,78,1.0
72,138,1.0
72,177,0.5
73,80,1.0
73,211,1.0
73,216,1.0
74,90,0.3333333333333333
74,105,0.3333333333333333
74,120,0.3333333333333333
74,181,0.3333333333333333
74,228,0.3333333333333333
74,99,0.3333333333333333
74,75,0.3333333333333333
74,76,0.3333333333333333
74,85,1.0
74,87,0.5
74,102,0.3333333333333333
74,104,0.3333333333333333
74,114,0.3333333333333333
74,115,0.3333333333333333
74,117,0.3333333333333333
74,132,1.0
74,133,0.3333333333333333
74,159,0.5
74,161,1.0
74,190,0.3333333333333333
74,207,1.0
74,220,1.0
74,225,0.5
74,227,0.3333333333333333
74,237,0.3333333333333333
74,238,0.3333333333333333
74,240,0.5
75,77,0.3333333333333333
75,86,0.3333333333333333
75,89,0.3333333333333333
75,100,0.3333333333333333
75,103,0.3333333333333333
75,116,0.3333333333333333
75,119,0.3333333333333333
75,160,0.3333333333333333
75,180,0.3333333333333333
75,191,0.3333333333333333
75,226,0.3333333333333333
75,239,0.3333333333333333
75,84,1.0
75,87,1.0
75,159,1.0
75,162,1.0
75,225,1.0
75,240,1.0
76,77,0.3333333333333333
76,86,0.3333333333333333
76,89,0.3333333333333333
76,100,0.3333333333333333
76,103,0.3333333333333333
76,116,0.3333333333333333
76,119,0.3333333333333333
76,160,0.3333333333333333
76,180,0.3333333333333333
76,191,0.3333333333333333
76,226,0.3333333333333333
76,239,0.3333333333333333
76,84,1.0
76,87,1.0
76,159,1.0
76,162,1.0
76,225,1.0
76,240,1.0
77,90,0.3333333333333333
77,105,0.3333333333333333
77,120,0.3333333333333333
77,181,0.3333333333333333
77,208,1.0
77,219,1.0
77,228,0.3333333333333333
77,99,0.3333333333333333
77,102,0.3333333333333333
77,114,0.3333333333333333
77,117,0.3333333333333333
77,133,0.3333333333333333
77,159,0.5
77,161,1.0
77,190,0.3333333333333333
77,225,0.5
77,237,0.3333333333333333
78,81,1.0
78,210,1.0
78,217,1.0
78,137,1.0
78,176,1.0
78,79,1.0
78,80,1.0
78,211,1.0
78,216,1.0
79,81,1.0
79,212,0.5
79,138,1.0
79,177,0.5
80,210,1.0
80,217,1.0
81,82,1.0
81,135,1.0
81,174,1.0
81,213,1.0
81,214,1.0
81,137,1.0
81,176,1.0
82,125,1.0
82,134,0.3333333333333333
82,136,1.0
82,158,0.3333333333333333
82,165,0.3333333333333333
82,171,1.0
82,172,0.3333333333333333
82,173,0.3333333333333333
82,175,0.3333333333333333
82,212,0.3333333333333333
82,215,0.3333333333333333
83,161,1.0
84,102,1.0
84,117,1.0
84,133,1.0
84,161,1.0
84,85,1.0
84,101,1.0
84,192,1.0
84,241,1.0
85,86,1.0
85,116,1.0
85,227,1.0
85,239,1.0
85,104,1.0
85,115,1.0
85,238,1.0
85,117,1.0
85,133,1.0
85,159,1.0
85,225,1.0
86,90,0.3333333333333333
86,105,0.3333333333333333
86,120,0.3333333333333333
86,181,0.3333333333333333
86,228,0.3333333333333333
86,99,0.3333333333333333
86,87,0.5
86,102,0.3333333333333333
86,104,0.3333333333333333
86,114,0.3333333333333333
86,115,0.3333333333333333
86,117,0.3333333333333333
86,132,1.0
86,133,0.3333333333333333
86,159,0.5
86,161,1.0
86,190,0.3333333333333333
86,207,1.0
86,220,1.0
86,225,0.5
86,227,0.3333333333333333
86,237,0.3333333333333333
86,238,0.3333333333333333
86,240,0.5
87,100,0.5
87,116,0.5
87,160,0.5
87,191,0.5
87,239,0.5
87,102,1.0
87,117,1.0
87,133,1.0
88,161,1.0
89,90,0.3333333333333333
89,105,0.3333333333333333
89,120,0.3333333333333333
89,181,0.3333333333333333
89,208,1.0
89,219,1.0
89,228,0.3333333333333333
89,99,0.3333333333333333
89,102,0.3333333333333333
89,114,0.3333333333333333
89,117,0.3333333333333333
89,133,0.3333333333333333
89,159,0.5
89,161,1.0
89,190,0.3333333333333333
89,225,0.5
89,237,0.3333333333333333
90,91,0.2
90,98,0.2
90,106,0.2
90,113,0.2
90,121,1.0
90,182,0.2
90,189,0.2
90,229,0.2
90,236,0.2
90,100,0.3333333333333333
90,103,0.3333333333333333
90,116,0.3333333333333333
90,119,0.3333333333333333
90,160,0.3333333333333333
90,180,0.3333333333333333
90,191,0.3333333333333333
90,208,1.0
90,219,1.0
90,220,1.0
90,226,0.3333333333333333
90,239,0.3333333333333333
91,140,1.0
91,146,1.0
91,153,1.0
91,169,1.0
91,92,0.16666666666666666
91,97,0.16666666666666666
91,105,0.2
91,107,0.16666666666666666
91,112,0.16666666666666666
91,120,0.2
91,122,0.16666666666666666
91,141,1.0
91,145,1.0
91,154,1.0
91,155,1.0
91,167,1.0
91,168,1.0
91,181,0.2
91,183,0.16666666666666666
91,188,0.16666666666666666
91,208,1.0
91,209,1.0
91,218,1.0
91,219,1.0
91,228,0.2
91,230,0.16666666666666666
91,235,0.16666666666666666
92,140,1.0
92,146,1.0
92,153,1.0
92,169,1.0
92,93,0.16666666666666666
92,95,1.0
92,96,0.16666666666666666
92,106,0.2
92,108,0.16666666666666666
92,110,0.2
92,111,0.16666666666666666
92,121,1.0
92,123,0.16666666666666666
92,141,1.0
92,145,1.0
92,154,1.0
92,155,1.0
92,167,1.0
92,168,1.0
92,182,0.2
92,184,0.16666666666666666
92,185,0.2
92,186,0.2
92,187,0.16666666666666666
92,229,0.2
92,231,0.16666666666666666
92,233,0.2
92,234,0.16666666666666666
93,97,0.16666666666666666
93,107,0.16666666666666666
93,112,0.16666666666666666
93,122,0.16666666666666666
93,183,0.16666666666666666
93,188,0.16666666666666666
93,230,0.16666666666666666
93,235,0.16666666666666666
94,96,0.2
94,111,0.2
94,187,0.2
94,234,0.2
95,107,1.0
95,122,1.0
95,183,1.0
95,230,1.0
96,140,1.0
96,146,1.0
96,153,1.0
96,169,1.0
96,97,0.16666666666666666
96,107,0.16666666666666666
96,109,0.2
96,112,0.16666666666666666
96,122,0.16666666666666666
96,124,0.2
96,183,0.16666666666666666
96,185,0.2
96,188,0.16666666666666666
96,230,0.16666666666666666
96,232,0.2
96,235,0.16666666666666666
97,140,1.0
97,146,1.0
97,153,1.0
97,169,1.0
97,98,0.2
97,106,0.2
97,108,0.16666666666666666
97,111,0.16666666666666666
97,113,0.2
97,121,1.0
97,123,0.16666666666666666
97,141,1.0
97,154,1.0
97,155,1.0
97,167,1.0
97,182,0.2
97,184,0.16666666666666666
97,187,0.16666666666666666
97,189,0.2
97,229,0.2
97,231,0.16666666666666666
97,234,0.16666666666666666
97,236,0.2
98,140,1.0
98,153,1.0
98,99,0.2
98,105,0.2
98,112,0.16666666666666666
98,120,0.2
98,141,1.0
98,145,1.0
98,154,1.0
98,155,1.0
98,167,1.0
98,168,1.0
98,181,0.2
98,188,0.16666666666666666
98,208,1.0
98,209,1.0
98,218,1.0
98,219,1.0
98,228,0.2
98,235,0.16666666666666666
99,113,0.2
99,189,0.2
99,236,0.2
99,208,1.0
99,209,1.0
99,218,1.0
99,219,1.0
99,100,0.3333333333333333
99,103,0.3333333333333333
99,116,0.3333333333333333
99,119,0.3333333333333333
99,160,0.3333333333333333
99,180,0.3333333333333333
99,191,0.3333333333333333
99,220,1.0
99,226,0.3333333333333333
99,239,0.3333333333333333
100,105,0.3333333333333333
100,120,0.3333333333333333
100,181,0.3333333333333333
100,228,0.3333333333333333
100,102,0.3333333333333333
100,104,0.3333333333333333
100,114,0.3333333333333333
100,115,0.3333333333333333
100,117,0.3333333333333333
100,133,0.3333333333333333
100,159,0.5
100,161,1.0
100,190,0.3333333333333333
100,225,0.5
100,227,0.3333333333333333
100,237,0.3333333333333333
100,238,0.3333333333333333
100,240,0.5
101,162,1.0
102,103,0.3333333333333333
102,116,0.3333333333333333
102,119,0.3333333333333333
102,160,0.3333333333333333
102,180,0.3333333333333333
102,191,0.3333333333333333
102,226,0.3333333333333333
102,239,0.3333333333333333
102,159,1.0
102,162,1.0
102,225,1.0
102,240,1.0
103,105,0.3333333333333333
103,120,0.3333333333333333
103,181,0.3333333333333333
103,208,1.0
103,219,1.0
103,228,0.3333333333333333
103,114,0.3333333333333333
103,117,0.3333333333333333
103,133,0.3333333333333333
103,159,0.5
103,161,1.0
103,190,0.3333333333333333
103,225,0.5
103,237,0.3333333333333333
104,208,1.0
104,209,1.0
104,218,1.0
104,219,1.0
104,116,0.3333333333333333
104,160,0.3333333333333333
104,191,0.3333333333333333
104,239,0.3333333333333333
105,106,0.2
105,113,0.2
105,121,1.0
105,182,0.2
105,189,0.2
105,229,0.2
105,236,0.2
105,116,0.3333333333333333
105,119,0.3333333333333333
105,160,0.3333333333333333
105,180,0.3333333333333333
105,191,0.3333333333333333
105,208,1.0
105,219,1.0
105,220,1.0
105,226,0.3333333333333333
105,227,0.3333333333333333
105,239,0.3333333333333333
106,140,1.0
106,146,1.0
106,153,1.0
106,169,1.0
106,107,0.16666666666666666
106,112,0.16666666666666666
106,120,0.2
106,122,0.16666666666666666
106,141,1.0
106,145,1.0
106,154,1.0
106,155,1.0
106,167,1.0
106,168,1.0
106,181,0.2
106,183,0.16666666666666666
106,188,0.16666666666666666
106,208,1.0
106,209,1.0
106,218,1.0
106,219,1.0
106,228,0.2
106,230,0.16666666666666666
106,235,0.16666666666666666
107,140,1.0
107,146,1.0
107,153,1.0
107,169,1.0
107,108,0.16666666666666666
107,110,0.2
107,111,0.16666666666666666
107,121,1.0
107,123,0.16666666666666666
107,141,1.0
107,145,1.0
107,154,1.0
107,155,1.0
107,167,1.0
107,168,1.0
107,182,0.2
107,184,0.16666666666666666
107,186,0.2
107,187,0.16666666666666666
107,229,0.2
107,231,0.16666666666666666
107,233,0.2
107,234,0.16666666666666666
108,112,0.16666666666666666
108,122,0.16666666666666666
108,183,0.16666666666666666
108,188,0.16666666666666666
108,230,0.16666666666666666
108,235,0.16666666666666666
109,111,0.2
109,187,0.2
109,234,0.2
110,122,0.2
110,183,0.2
110,230,0.2
111,140,1.0
111,146,1.0
111,153,1.0
111,169,1.0
111,112,0.16666666666666666
111,122,0.16666666666666666
111,124,0.2
111,145,1.0
111,168,1.0
111,183,0.16666666666666666
111,185,0.2
111,188,0.16666666666666666
111,230,0.16666666666666666
111,232,0.2
111,235,0.16666666666666666
112,140,1.0
112,146,1.0
112,153,1.0
112,169,1.0
112,113,0.2
112,121,1.0
112,123,0.16666666666666666
112,141,1.0
112,154,1.0
112,155,1.0
112,167,1.0
112,182,0.2
112,184,0.16666666666666666
112,187,0.16666666666666666
112,189,0.2
112,229,0.2
112,231,0.16666666666666666
112,234,0.16666666666666666
112,236,0.2
113,140,1.0
113,153,1.0
113,120,0.2
113,141,1.0
113,145,1.0
113,154,1.0
113,155,1.0
113,167,1.0
113,168,1.0
113,181,0.2
113,188,0.16666666666666666
113,208,1.0
113,209,1.0
113,218,1.0
113,219,1.0
113,228,0.2
113,235,0.16666666666666666
114,208,1.0
114,209,1.0
114,218,1.0
114,219,1.0
114,116,0.3333333333333333
114,119,0.3333333333333333
114,160,0.3333333333333333
114,180,0.3333333333333333
114,191,0.3333333333333333
114,226,0.3333333333333333
114,239,0.3333333333333333
115,208,1.0
115,209,1.0
115,218,1.0
115,219,1.0
115,116,0.3333333333333333
115,160,0.3333333333333333
115,191,0.3333333333333333
115,239,0.3333333333333333
116,120,0.3333333333333333
116,181,0.3333333333333333
116,228,0.3333333333333333
116,117,0.3333333333333333
116,132,1.0
116,133,0.3333333333333333
116,159,0.5
116,161,1.0
116,190,0.3333333333333333
116,207,1.0
116,220,1.0
116,225,0.5
116,227,0.3333333333333333
116,237,0.3333333333333333
116,238,0.3333333333333333
116,240,0.5
117,119,0.3333333333333333
117,160,0.3333333333333333
117,180,0.3333333333333333
117,191,0.3333333333333333
117,226,0.3333333333333333
117,239,0.3333333333333333
117,159,1.0
117,162,1.0
117,225,1.0
117,240,1.0
118,161,1.0
119,120,0.3333333333333333
119,181,0.3333333333333333
119,208,1.0
119,219,1.0
119,228,0.3333333333333333
119,133,0.3333333333333333
119,159,0.5
119,161,1.0
119,190,0.3333333333333333
119,225,0.5
119,237,0.3333333333333333
120,121,1.0
120,182,0.2
120,189,0.2
120,229,0.2
120,236,0.2
120,160,0.3333333333333333
120,180,0.3333333333333333
120,191,0.3333333333333333
120,208,1.0
120,219,1.0
120,220,1.0
120,226,0.3333333333333333
120,227,0.3333333333333333
120,239,0.3333333333333333
121,140,1.0
121,146,1.0
121,153,1.0
121,169,1.0
121,122,1.0
121,141,1.0
121,145,1.0
121,154,1.0
121,155,1.0
121,167,1.0
121,168,1.0
121,181,1.0
121,188,1.0
121,208,1.0
121,209,1.0
121,218,1.0
121,219,1.0
121,228,1.0
121,235,1.0
122,140,1.0
122,146,1.0
122,153,1.0
122,169,1.0
122,123,0.16666666666666666
122,141,1.0
122,145,1.0
122,154,1.0
122,155,1.0
122,167,1.0
122,168,1.0
122,182,0.2
122,184,0.16666666666666666
122,186,0.2
122,187,0.16666666666666666
122,229,0.2
122,231,0.16666666666666666
122,233,0.2
122,234,0.16666666666666666
123,183,0.16666666666666666
123,188,0.16666666666666666
123,230,0.16666666666666666
123,235,0.16666666666666666
124,183,0.2
124,187,0.2
124,230,0.2
124,234,0.2
125,135,1.0
125,139,1.0
125,152,1.0
125,170,1.0
125,174,1.0
125,213,1.0
125,214,1.0
126,143,0.3333333333333333
126,149,0.3333333333333333
126,157,0.3333333333333333
126,223,0.3333333333333333
127,143,1.0
127,149,1.0
127,157,1.0
127,223,1.0
128,144,1.0
128,166,1.0
128,130,1.0
128,131,1.0
128,143,0.3333333333333333
128,149,0.3333333333333333
128,157,0.3333333333333333
128,195,1.0
128,196,1.0
128,197,1.0
128,206,1.0
128,221,1.0
128,223,0.3333333333333333
129,144,1.0
129,166,1.0
129,142,1.0
129,156,1.0
129,131,1.0
129,143,0.5
129,149,0.5
129,157,0.5
129,206,1.0
129,221,1.0
129,223,0.5
130,207,1.0
130,148,1.0
130,199,1.0
130,202,1.0
130,205,1.0
130,222,1.0
130,132,1.0
131,220,1.0
131,207,1.0
131,147,1.0
131,148,1.0
131,194,1.0
131,199,1.0
131,200,1.0
131,202,1.0
131,203,1.0
131,205,1.0
131,222,1.0
131,132,1.0
132,220,1.0
132,239,1.0
132,207,1.0
132,159,1.0
132,225,1.0
132,197,1.0
132,206,1.0
132,221,1.0
133,160,0.3333333333333333
133,180,0.3333333333333333
133,191,0.3333333333333333
133,226,0.3333333333333333
133,239,0.3333333333333333
133,159,1.0
133,162,1.0
133,225,1.0
133,240,1.0
134,135,1.0
134,139,1.0
134,152,1.0
134,170,1.0
134,174,0.3333333333333333
134,213,0.3333333333333333
134,214,0.3333333333333333
135,136,1.0
135,158,1.0
135,165,1.0
135,171,1.0
135,172,1.0
135,173,1.0
135,175,1.0
135,212,1.0
135,215,1.0
136,174,1.0
136,213,1.0
136,214,1.0
136,137,1.0
136,210,1.0
136,217,1.0
137,212,0.5
137,138,1.0
137,177,0.5
138,175,1.0
138,215,1.0
138,176,1.0
139,140,0.5
139,146,0.5
139,153,0.5
139,158,1.0
139,165,1.0
139,169,0.5
139,171,1.0
139,172,1.0
139,173,1.0
140,152,0.5
140,170,0.5
140,141,0.5
140,145,0.5
140,154,0.5
140,168,0.5
140,182,1.0
140,183,1.0
140,187,1.0
140,188,1.0
140,189,1.0
140,229,1.0
140,230,1.0
140,234,1.0
140,235,1.0
140,236,1.0
141,153,0.5
141,144,1.0
141,166,1.0
141,182,1.0
141,183,1.0
141,188,1.0
141,189,1.0
141,229,1.0
141,230,1.0
141,235,1.0
141,236,1.0
142,155,1.0
142,167,1.0
142,143,0.5
142,147,1.0
142,149,0.5
142,157,0.5
142,194,1.0
142,195,1.0
142,196,1.0
142,197,1.0
142,200,1.0
142,203,1.0
142,223,0.5
143,144,0.5
143,166,0.5
143,156,0.5
143,147,0.3333333333333333
143,148,0.25
143,164,0.3333333333333333
143,194,0.3333333333333333
143,199,0.25
143,200,0.3333333333333333
143,202,0.25
143,203,0.3333333333333333
143,205,0.25
143,222,0.25
144,154,1.0
144,155,1.0
144,167,1.0
144,147,1.0
144,148,1.0
144,149,0.5
144,157,0.5
144,194,1.0
144,195,1.0
144,196,1.0
144,199,1.0
144,200,1.0
144,202,1.0
144,203,1.0
144,205,1.0
144,222,1.0
144,223,0.5
145,146,0.5
145,153,0.5
145,169,0.5
145,182,1.0
145,183,1.0
145,187,1.0
145,189,1.0
145,229,1.0
145,230,1.0
145,234,1.0
145,236,1.0
146,152,0.5
146,170,0.5
146,168,0.5
146,182,1.0
146,183,1.0
146,187,1.0
146,188,1.0
146,229,1.0
146,230,1.0
146,234,1.0
146,235,1.0
147,166,1.0
147,156,1.0
147,149,0.5
147,157,0.5
147,206,1.0
147,221,1.0
147,223,0.5
148,166,1.0
148,149,0.3333333333333333
148,157,0.3333333333333333
148,197,1.0
148,206,1.0
148,221,1.0
148,223,0.3333333333333333
149,166,0.5
149,156,0.5
149,151,0.3333333333333333
149,164,0.3333333333333333
149,194,0.3333333333333333
149,199,0.25
149,200,0.3333333333333333
149,202,0.25
149,203,0.3333333333333333
149,205,0.25
149,222,0.25
152,153,0.5
152,158,1.0
152,165,1.0
152,169,0.5
152,171,1.0
152,172,1.0
152,173,1.0
153,170,0.5
153,154,0.5
153,168,0.5
153,182,1.0
153,183,1.0
153,187,1.0
153,188,1.0
153,189,1.0
153,229,1.0
153,230,1.0
153,234,1.0
153,235,1.0
153,236,1.0
154,166,1.0
154,182,1.0
154,183,1.0
154,188,1.0
154,189,1.0
154,229,1.0
154,230,1.0
154,235,1.0
154,236,1.0
155,168,1.0
155,182,1.0
155,183,1.0
155,188,1.0
155,189,1.0
155,229,1.0
155,230,1.0
155,235,1.0
155,236,1.0
155,156,1.0
155,166,1.0
156,167,1.0
156,157,0.5
156,194,1.0
156,195,1.0
156,196,1.0
156,197,1.0
156,200,1.0
156,203,1.0
156,223,0.5
157,166,0.5
157,194,0.3333333333333333
157,199,0.25
157,200,0.3333333333333333
157,202,0.25
157,203,0.3333333333333333
157,205,0.25
157,222,0.25
158,170,1.0
158,174,0.3333333333333333
158,213,0.3333333333333333
158,214,0.3333333333333333
159,160,0.5
159,180,0.5
159,191,0.5
159,226,0.5
159,239,0.5
160,181,0.3333333333333333
160,228,0.3333333333333333
160,161,1.0
160,190,0.3333333333333333
160,225,0.5
160,227,0.3333333333333333
160,237,0.3333333333333333
160,238,0.3333333333333333
160,240,0.5
161,180,1.0
161,191,1.0
161,226,1.0
161,239,1.0
161,162,1.0
161,179,1.0
162,192,1.0
162,241,1.0
164,223,0.3333333333333333
165,170,1.0
165,174,0.3333333333333333
165,213,0.3333333333333333
165,214,0.3333333333333333
166,167,1.0
166,194,1.0
166,195,1.0
166,196,1.0
166,199,1.0
166,200,1.0
166,202,1.0
166,203,1.0
166,205,1.0
166,222,1.0
166,223,0.5
167,182,1.0
167,183,1.0
167,188,1.0
167,189,1.0
167,229,1.0
167,230,1.0
167,235,1.0
167,236,1.0
168,169,0.5
168,182,1.0
168,183,1.0
168,187,1.0
168,189,1.0
168,229,1.0
168,230,1.0
168,234,1.0
168,236,1.0
169,170,0.5
169,182,1.0
169,183,1.0
169,187,1.0
169,188,1.0
169,229,1.0
169,230,1.0
169,234,1.0
169,235,1.0
170,171,1.0
170,172,1.0
170,173,1.0
171,174,1.0
171,213,1.0
171,214,1.0
172,174,0.3333333333333333
172,213,0.3333333333333333
172,214,0.3333333333333333
173,174,0.3333333333333333
173,213,0.3333333333333333
173,214,0.3333333333333333
174,175,0.3333333333333333
174,210,1.0
174,212,0.3333333333333333
174,215,0.3333333333333333
174,217,1.0
175,213,0.3333333333333333
175,214,0.3333333333333333
175,210,1.0
175,217,1.0
176,212,0.5
176,177,0.5
180,181,0.3333333333333333
180,208,1.0
180,219,1.0
180,228,0.3333333333333333
180,190,0.3333333333333333
180,225,0.5
180,237,0.3333333333333333
181,182,0.2
181,189,0.2
181,229,0.2
181,236,0.2
181,191,0.3333333333333333
181,208,1.0
181,219,1.0
181,220,1.0
181,226,0.3333333333333333
181,227,0.3333333333333333
181,239,0.3333333333333333
182,183,0.16666666666666666
182,188,0.16666666666666666
182,208,1.0
182,209,1.0
182,218,1.0
182,219,1.0
182,228,0.2
182,230,0.16666666666666666
182,235,0.16666666666666666
183,184,0.16666666666666666
183,185,0.2
183,186,0.2
183,187,0.16666666666666666
183,229,0.2
183,231,0.16666666666666666
183,233,0.2
183,234,0.16666666666666666
184,188,0.16666666666666666
184,230,0.16666666666666666
184,235,0.16666666666666666
185,187,0.2
185,230,0.2
185,234,0.2
186,230,0.2
187,188,0.16666666666666666
187,230,0.16666666666666666
187,232,0.2
187,235,0.16666666666666666
188,189,0.2
188,229,0.2
188,231,0.16666666666666666
188,234,0.16666666666666666
188,236,0.2
189,208,1.0
189,209,1.0
189,218,1.0
189,219,1.0
189,228,0.2
189,235,0.16666666666666666
190,208,1.0
190,209,1.0
190,218,1.0
190,219,1.0
190,191,0.3333333333333333
190,226,0.3333333333333333
190,239,0.3333333333333333
191,228,0.3333333333333333
191,225,0.5
191,227,0.3333333333333333
191,237,0.3333333333333333
191,238,0.3333333333333333
191,240,0.5
194,206,1.0
194,221,1.0
194,223,0.5
195,220,1.0
195,207,1.0
195,199,1.0
195,202,1.0
195,205,1.0
195,222,1.0
196,220,1.0
196,207,1.0
196,199,1.0
196,202,1.0
196,205,1.0
196,222,1.0
197,220,1.0
197,207,1.0
197,199,1.0
197,202,1.0
197,205,1.0
197,222,1.0
199,206,1.0
199,221,1.0
199,223,0.3333333333333333
200,206,1.0
200,221,1.0
200,223,0.5
202,206,1.0
202,221,1.0
202,223,0.3333333333333333
203,206,1.0
203,221,1.0
203,223,0.5
205,206,1.0
205,221,1.0
205,223,0.3333333333333333
206,220,1.0
206,207,1.0
206,222,1.0
207,208,1.0
207,219,1.0
207,239,1.0
207,221,1.0
208,229,1.0
208,236,1.0
208,209,1.0
208,218,1.0
208,220,1.0
208,226,1.0
208,227,1.0
208,228,1.0
208,237,1.0
208,238,1.0
209,229,1.0
209,236,1.0
209,219,1.0
209,227,1.0
209,237,1.0
209,238,1.0
210,212,1.0
210,215,1.0
210,211,1.0
210,216,1.0
211,217,1.0
212,213,0.3333333333333333
212,214,0.3333333333333333
212,217,1.0
213,215,0.3333333333333333
214,215,0.3333333333333333
215,217,1.0
216,217,1.0
218,229,1.0
218,236,1.0
218,219,1.0
218,227,1.0
218,237,1.0
218,238,1.0
219,229,1.0
219,236,1.0
219,220,1.0
219,226,1.0
219,227,1.0
219,228,1.0
219,237,1.0
219,238,1.0
220,228,1.0
220,221,1.0
220,239,1.0
221,222,1.0
222,223,0.3333333333333333
225,226,0.5
225,239,0.5
226,228,0.3333333333333333
226,237,0.3333333333333333
227,228,0.3333333333333333
227,239,0.3333333333333333
228,229,0.2
228,236,0.2
228,239,0.3333333333333333
229,230,0.16666666666666666
229,235,0.16666666666666666
230,231,0.16666666666666666
230,233,0.2
230,234,0.16666666666666666
231,235,0.16666666666666666
232,234,0.2
234,235,0.16666666666666666
235,236,0.2
237,239,0.3333333333333333
238,239,0.3333333333333333
239,240,0.5
