通60路(城铁北苑站--梨园北街)
0,1,29.456250000000004,73,1,1.375
1,1,30.303703703703704,75,1,1.1851851851851851
2,1,54.17695035460993,138,0,4.092198581560283
3,0,24.55211267605634,63,0,2.591549295774648
4,0,13.604022988505747,36,0,3.1839080459770117
5,0,16.258333333333333,42,0,2.1666666666666665
6,0,2.0,5,0,0.0
7,1,14.308620689655173,37,0,1.9655172413793103
8,0,4.7655737704918035,13,0,1.7377049180327868
21,1,8.75,22,0,0.2
22,1,7.4145161290322585,19,0,0.7419354838709677
23,0,0.6375000000000002,3,0,2.25
24,1,28.508333333333336,73,0,2.7666666666666666
25,0,17.215625,45,0,3.1375
26,0,20.70625,52,0,0.375
27,1,49.68480392156863,127,0,4.46078431372549
28,1,16.141025641025646,41,1,3.4358974358974357
29,0,8.577445652173914,25,0,5.690217391304348
30,0,14.149390243902438,40,0,7.402439024390244
31,1,23.749624060150378,62,1,6.601503759398496
32,0,0.054901960784313975,7,0,10.980392156862745
33,1,1.6076923076923073,10,1,11.96923076923077
34,1,3.6648148148148145,15,1,11.74074074074074
35,0,0.8862903225806451,9,0,10.85483870967742
36,1,19.65434782608696,52,1,6.982608695652174
37,1,16.467434210526317,46,0,7.730263157894737
38,0,4.496551724137931,15,0,6.0137931034482754
39,0,7.090760869565218,18,1,2.8369565217391304
40,1,18.185135135135134,47,0,2.4594594594594597
41,1,19.50089285714286,52,0,5.196428571428571
42,1,16.0825,42,0,2.87
43,1,17.598924731182798,46,0,3.204301075268817
44,0,2.3942708333333336,9,0,4.822916666666667
45,0,1.6,4,0,0.0
46,1,3.744230769230769,15,1,11.423076923076923
47,0,3.3326612903225805,10,0,2.6693548387096775
48,1,21.931707317073172,54,1,1.0731707317073171
49,1,14.897756410256411,42,0,7.608974358974359
50,0,5.7,18,0,6.0
51,0,7.102777777777778,18,1,2.7888888888888888
52,1,16.541025641025644,42,1,3.4358974358974357
53,0,9.614062500000001,28,0,6.34375
54,0,14.54939024390244,41,0,7.402439024390244
55,1,21.748,57,1,6.608
56,0,-0.20869565217391273,6,0,10.434782608695652
57,0,1.2076923076923078,9,1,11.96923076923077
58,0,7.2451612903225815,19,0,1.4193548387096775
59,1,12.195454545454545,31,0,0.8181818181818182
60,0,5.621428571428572,17,0,4.714285714285714
61,0,7.208333333333335,24,0,9.566666666666666
62,0,10.415730337078651,30,0,6.337078651685394
63,0,11.442857142857143,32,0,5.428571428571429
64,0,17.184453781512605,47,0,6.46218487394958
65,1,50.48809523809524,129,0,4.447619047619048
66,0,6.472685185185185,15,1,0.5092592592592593
67,0,1.4770408163265305,5,0,2.0918367346938775
68,0,11.168548387096775,29,0,1.7258064516129032
69,1,23.06875,59,0,2.125
70,0,9.862890625,26,0,2.1484375
71,0,6.276146788990826,16,0,0.4954128440366973
72,0,2.716666666666667,7,0,0.3333333333333333
73,1,9.600000000000001,24,0,0.0
74,1,9.107812500000001,24,0,1.96875
75,0,6.71,18,0,1.96
76,0,6.177118644067797,17,0,2.4915254237288136
77,1,6.7,18,0,2.0
78,1,6.893877551020409,18,0,1.2244897959183674
79,0,2.0,5,0,0.0
80,1,14.885714285714288,39,0,2.857142857142857
81,1,5.1125,18,1,10.75
82,0,-0.3137096774193546,6,0,10.85483870967742
83,1,20.07976190476191,53,1,6.880952380952381
84,1,18.085714285714285,47,0,2.857142857142857
85,1,7.283333333333333,18,1,2.066666666666667
86,1,17.958823529411767,46,0,1.7647058823529411
87,0,5.998529411764706,17,0,3.2058823529411766
88,1,28.36447368421053,73,0,3.3421052631578947
89,1,27.121052631578948,69,0,1.9157894736842105
90,1,62.41092715231788,157,0,1.5562913907284768
91,1,65.6742718446602,166,0,2.9029126213592233
92,1,14.74424778761062,38,0,1.823008849557522
93,0,3.232867132867133,9,0,1.4685314685314685
94,1,4.383333333333334,12,0,1.6666666666666667
95,0,0.4,1,0,0.0
96,0,0.8,2,0,0.0
97,1,25.388372093023257,66,0,4.046511627906977
98,0,5.163636363636364,17,0,6.545454545454546
99,0,5.890322580645162,19,0,6.838709677419355
100,1,11.365909090909092,31,0,4.136363636363637
101,0,0.8,2,0,0.0
102,0,0.4,1,0,0.0
103,0,8.4,21,0,0.0
104,1,5.2718750000000005,14,0,1.3125
105,1,7.627659574468085,20,0,1.4893617021276595
106,0,1.197315436241611,4,0,1.610738255033557
107,1,18.366901408450705,47,0,1.732394366197183
108,1,61.66620370370371,156,0,2.935185185185185
109,1,32.791049382716054,83,0,1.6358024691358024
110,1,29.825641025641026,77,0,3.8974358974358974
111,1,25.185897435897434,65,0,3.2564102564102564
112,0,7.6000000000000005,19,0,0.0
113,1,19.526315789473685,50,0,1.894736842105263
114,0,0.45945945945945943,1,1,2.1621621621621623
115,1,0.4730769230769231,2,0,1.3076923076923077
124,1,54.569424460431655,139,0,4.122302158273381
125,0,25.527586206896554,64,0,0.2896551724137931
126,0,14.0,35,0,0.0
127,1,16.0,40,0,0.0
128,0,2.0,5,0,0.0
129,1,14.708620689655174,38,0,1.9655172413793103
136,0,2.3694444444444445,7,0,1.7222222222222223
137,0,2.8000000000000003,7,0,0.0
138,1,22.961538461538463,60,1,6.553846153846154
139,0,-0.26666666666666616,6,0,10.666666666666666
140,0,1.2076923076923078,9,1,11.96923076923077
141,1,16.726785714285715,43,0,1.8928571428571428
142,1,6.524528301886792,15,1,0.3018867924528302
143,0,1.286290322580645,10,0,10.85483870967742
144,1,19.290322580645164,51,1,6.838709677419355
145,0,14.497756410256413,41,0,7.608974358974359
146,0,6.389930555555556,19,0,4.840277777777778
147,0,7.108988764044944,18,1,2.764044943820225
148,0,5.21888111888112,14,0,1.5244755244755244
149,0,10.927777777777779,28,0,1.0888888888888888
150,0,10.88421052631579,28,0,1.263157894736842
151,0,7.9,21,0,2.0
152,1,30.660493827160497,76,1,1.3580246913580247
153,0,23.61397849462366,59,1,2.3440860215053765
154,0,0.6770408163265308,3,0,2.0918367346938775
155,0,10.950000000000001,28,0,1.0
156,0,11.380701754385967,29,0,0.8771929824561403
157,0,4.021527777777778,11,0,1.5138888888888888
158,1,15.341025641025643,39,1,3.4358974358974357
159,0,9.386436170212766,27,0,5.654255319148936
160,1,23.323076923076925,61,1,6.707692307692308
161,0,0.20540540540540553,7,0,10.378378378378379
162,1,1.6076923076923073,10,1,11.96923076923077
163,1,7.718918918918919,18,1,0.32432432432432434
164,0,3.3326612903225805,10,0,2.6693548387096775
165,1,21.931707317073172,54,1,1.0731707317073171
166,0,5.995454545454546,18,0,4.818181818181818
167,0,7.102777777777778,18,1,2.7888888888888888
168,0,5.551048951048951,14,0,0.1958041958041958
169,1,30.66666666666667,76,1,1.3333333333333333
170,0,6.800000000000001,17,0,0.0
171,0,10.4,26,0,0.0
172,0,5.049358974358975,13,0,0.6025641025641025
173,0,4.292857142857144,11,0,0.42857142857142855
174,0,9.450000000000001,24,0,0.6
175,0,7.080281690140845,18,0,0.4788732394366197
176,1,9.12777777777778,24,0,1.8888888888888888
177,0,9.29491525423729,24,0,1.2203389830508475
178,1,15.97547169811321,41,0,1.6981132075471699
179,0,9.777777777777779,25,0,0.8888888888888888
180,1,18.085714285714285,47,0,2.857142857142857
201,1,9.200000000000001,23,0,0.0
202,0,1.3176470588235296,4,1,3.5294117647058822
211,1,9.55,25,0,1.8
212,1,7.814516129032258,20,0,0.7419354838709677
213,0,1.2000000000000002,3,0,0.0
214,1,30.400000000000002,76,0,0.0
215,0,18.0,45,0,0.0
216,0,23.6,59,0,0.0
217,1,50.11972477064221,128,0,4.321100917431193
218,1,6.893877551020409,18,0,1.2244897959183674
219,1,12.608163265306123,33,0,2.36734693877551
220,0,4.176865671641792,12,0,2.4925373134328357
221,0,1.5060975609756098,5,0,1.975609756097561
222,1,10.707692307692309,28,0,1.9692307692307693
223,1,9.200000000000001,23,0,0.0
224,0,3.1142857142857143,8,0,0.34285714285714286
225,0,5.458267716535434,14,0,0.5669291338582677
226,0,9.858661417322836,26,0,2.1653543307086616
227,1,19.07544642857143,49,0,2.0982142857142856
228,0,9.469594594594595,25,0,2.1216216216216215
229,0,7.9,21,0,2.0
230,1,46.60274725274726,119,0,3.989010989010989
231,1,53.2,133,0,0.0
232,0,29.311363636363637,77,0,5.954545454545454
233,0,14.837662337662337,40,0,4.64935064935065
234,1,22.575757575757574,60,0,5.696969696969697
235,0,8.020588235294118,27,0,11.117647058823529
236,0,2.3222222222222224,9,0,5.111111111111111
237,0,0.4,1,0,0.0
238,1,26.190697674418608,66,0,0.8372093023255814
239,0,5.5636363636363635,18,0,6.545454545454546
240,1,5.1125,18,1,10.75
241,0,3.3326612903225805,10,0,2.6693548387096775
242,1,21.931707317073172,54,1,1.0731707317073171
243,1,14.891935483870968,42,0,7.632258064516129
244,0,6.1000000000000005,19,0,6.0
245,0,7.108988764044944,18,1,2.764044943820225
246,1,4.140000000000001,16,1,11.44
247,0,1.286290322580645,10,0,10.85483870967742
248,1,21.931707317073172,54,1,1.0731707317073171
249,1,16.09193548387097,45,0,7.632258064516129
250,0,5.296551724137932,17,0,6.0137931034482754
251,0,7.980219780219781,19,1,0.8791208791208791
252,0,24.291011235955057,60,1,1.2359550561797752
253,0,1.0770408163265306,4,0,2.0918367346938775
254,0,11.950000000000001,29,1,1.0
255,0,3.951388888888889,10,0,0.19444444444444445
256,1,22.646551724137936,56,1,1.4137931034482758
257,0,9.614062500000001,28,0,6.34375
258,0,14.149390243902438,40,0,7.402439024390244
259,1,62.06620370370371,157,0,2.935185185185185
260,1,33.59104938271605,85,0,1.6358024691358024
261,1,31.850000000000005,82,0,3.8
262,1,25.585897435897436,66,0,3.2564102564102564
263,0,7.263888888888889,20,0,2.9444444444444446
264,0,0.4117647058823529,1,1,2.3529411764705883
265,0,0.0,0,0,0.0
277,1,7.540322580645161,20,0,1.8387096774193548
278,0,1.2000000000000002,3,0,0.0
279,1,28.108333333333334,72,0,2.7666666666666666
280,0,17.22151898734177,45,0,3.1139240506329116
281,0,18.082608695652176,47,0,2.869565217391304
282,1,51.31972477064221,131,0,4.321100917431193
283,1,47.7468085106383,122,0,4.212765957446808
284,0,24.553146853146856,63,0,2.5874125874125875
285,0,13.215116279069768,35,0,3.13953488372093
286,0,16.258333333333333,42,0,2.1666666666666665
287,0,1.4423076923076923,5,0,2.230769230769231
288,1,16.30862068965517,42,0,1.9655172413793103
296,0,2.67603305785124,7,0,0.49586776859504134
297,1,9.9078125,26,0,1.96875
298,0,5.896575342465754,16,0,2.0136986301369864
299,1,11.459016393442623,30,0,2.1639344262295084
300,1,11.16818181818182,29,0,1.7272727272727273
301,0,5.439814814814815,15,0,2.240740740740741
302,0,1.2017441860465117,4,0,1.5930232558139534
303,1,11.514423076923077,30,0,1.9423076923076923
304,0,2.8163793103448276,8,0,1.5344827586206897
305,1,29.044767441860465,74,0,2.2209302325581395
306,0,1.9312500000000004,6,0,1.875
307,1,21.914367816091957,56,0,1.9425287356321839
308,1,12.23969465648855,31,0,0.6412213740458015
309,1,35.11489361702128,88,0,0.3404255319148936
310,1,17.785135135135135,46,0,2.4594594594594597
311,1,19.10089285714286,51,0,5.196428571428571
312,1,17.2825,45,0,2.87
313,0,11.442857142857143,32,0,5.428571428571429
314,0,16.455078125,45,0,6.1796875
315,0,24.55211267605634,63,0,2.591549295774648
316,0,15.23125,40,0,3.075
317,0,16.258333333333333,42,0,2.1666666666666665
318,0,1.4423076923076923,5,0,2.230769230769231
319,1,15.908620689655175,41,0,1.9655172413793103
320,0,1.3176470588235296,4,1,3.5294117647058822
321,1,3.6648148148148145,15,1,11.74074074074074
322,0,1.286290322580645,10,0,10.85483870967742
323,1,19.693032786885247,52,1,6.827868852459017
324,1,15.29775641025641,43,0,7.608974358974359
325,0,4.7844827586206895,15,0,4.862068965517241
326,0,7.108988764044944,18,1,2.764044943820225
331,1,0.46,2,0,1.36
332,0,0.45945945945945943,1,1,2.1621621621621623
333,1,1.2000000000000002,3,0,0.0
334,0,2.4000000000000004,6,0,0.0
335,1,4.0,10,0,0.0
336,1,4.800000000000001,12,0,0.0
337,1,11.914423076923077,31,0,1.9423076923076923
338,0,2.8163793103448276,8,0,1.5344827586206897
339,1,29.475274725274726,75,0,2.098901098901099
340,0,1.9312500000000004,6,0,1.875
341,1,22.714367816091958,58,0,1.9425287356321839
342,1,12.23969465648855,31,0,0.6412213740458015
343,1,35.896039603960396,90,0,0.4158415841584158
344,1,18.580952380952382,48,0,2.4761904761904763
345,1,19.10089285714286,51,0,5.196428571428571
346,1,15.2825,40,0,2.87
347,1,20.575757575757574,55,0,5.696969696969697
348,0,7.220588235294118,25,0,11.117647058823529
349,0,3.7863636363636366,11,0,2.4545454545454546
350,0,5.525,17,0,5.1
351,1,11.912658227848102,31,0,1.9493670886075949
352,0,4.4450980392156865,13,0,3.019607843137255
353,1,16.400000000000002,41,0,0.0
354,1,18.085714285714285,47,0,2.857142857142857
355,0,11.963157894736844,29,1,0.9473684210526315
356,1,22.716030534351145,57,0,0.33587786259541985
357,0,9.05436507936508,24,0,2.1825396825396823
358,0,6.278378378378378,16,0,0.4864864864864865
359,0,5.503061224489796,14,0,0.3877551020408163
360,1,9.635714285714286,25,0,1.457142857142857
361,0,6.763186813186813,18,0,1.7472527472527473
362,1,12.565384615384616,33,0,2.5384615384615383
363,0,0.30000000000000004,2,0,2.0
364,0,-0.13571428571428568,1,0,2.142857142857143
365,1,0.9000000000000001,3,0,1.2
366,1,46.60274725274726,119,0,3.989010989010989
367,1,55.6,139,0,0.0
368,0,26.8,67,0,0.0
369,0,14.0,35,0,0.0
370,1,15.200000000000001,38,0,0.0
371,0,2.0,5,0,0.0
372,1,14.201724137931034,36,0,0.7931034482758621
373,0,4.36896551724138,12,0,1.7241379310344827
381,1,6.118032786885246,14,1,0.32786885245901637
382,0,3.3326612903225805,10,0,2.6693548387096775
383,1,21.931707317073172,54,1,1.0731707317073171
384,1,18.96851851851852,52,0,7.325925925925926
385,0,5.300000000000001,17,0,6.0
386,0,7.986516853932585,19,1,0.8539325842696629
387,0,24.304301075268818,60,1,1.1827956989247312
388,0,1.8770408163265309,6,0,2.0918367346938775
389,0,11.950000000000001,29,1,1.0
390,0,5.1513888888888895,13,0,0.19444444444444445
391,1,14.2515625,36,0,0.59375
392,1,19.547029702970296,50,0,1.811881188118812
393,0,2.325316455696203,7,0,1.8987341772151898
394,1,10.057894736842105,26,0,1.368421052631579
395,0,7.1631868131868135,19,0,1.7472527472527473
396,1,13.861538461538462,35,0,0.5538461538461539
397,0,-0.09999999999999998,1,0,2.0
398,0,-0.13571428571428568,1,0,2.142857142857143
399,1,0.9000000000000001,3,0,1.2
400,0,0.4,1,0,0.0
413,1,17.54310344827586,45,0,1.8275862068965518
429,1,9.200000000000001,23,0,0.0
430,0,1.8372881355932205,5,1,3.0508474576271185
432,1,15.908620689655175,41,0,1.9655172413793103
441,1,10.740322580645163,28,0,1.8387096774193548
454,1,4.629166666666666,17,1,11.083333333333334
455,0,1.286290322580645,10,0,10.85483870967742
456,1,19.229508196721316,51,1,7.081967213114754
457,1,43.82222222222223,112,0,3.911111111111111
458,0,14.254347826086958,39,0,5.3826086956521735
459,1,20.175757575757576,54,0,5.696969696969697
460,0,7.620588235294118,26,0,11.117647058823529
461,0,0.2235294117647059,1,0,0.7058823529411765
462,1,25.388372093023257,66,0,4.046511627906977
463,0,2.391836734693878,7,0,1.6326530612244898
512,1,2.312698412698413,12,1,12.34920634920635
513,0,1.286290322580645,10,0,10.85483870967742
514,1,21.931707317073172,54,1,1.0731707317073171
515,1,14.897756410256411,42,0,7.608974358974359
516,0,4.764240506329114,15,0,4.943037974683544
517,1,9.869642857142859,24,1,1.3214285714285714
518,1,19.534931506849315,49,0,0.2602739726027397
519,1,18.323684210526316,49,0,5.105263157894737
520,1,16.400000000000002,41,0,0.0
521,1,18.975757575757576,51,0,5.696969696969697
522,0,8.420588235294119,28,0,11.117647058823529
523,0,2.9863636363636363,9,0,2.4545454545454546
524,0,0.2235294117647059,1,0,0.7058823529411765
525,1,25.388372093023257,66,0,4.046511627906977
526,0,5.163636363636364,17,0,6.545454545454546
527,0,1.991836734693878,6,0,1.6326530612244898
540,0,2.8000000000000003,7,0,0.0
541,0,5.890322580645162,19,0,6.838709677419355
542,1,11.365909090909092,31,0,4.136363636363637
543,1,14.885714285714288,39,0,2.857142857142857
544,1,14.655223880597015,38,0,2.1791044776119404
545,1,15.765384615384617,41,0,2.5384615384615383
546,1,27.851298701298703,71,0,2.1948051948051948
547,0,3.0223684210526316,8,0,0.7105263157894737
548,0,14.37953216374269,36,0,0.08187134502923976
549,1,16.749618320610686,43,0,1.8015267175572518
550,1,16.47352941176471,46,0,7.705882352941177
551,0,5.9899305555555555,18,0,4.840277777777778
552,0,7.096703296703296,18,1,2.8131868131868134
553,0,5.4107142857142865,14,0,0.7571428571428571
554,0,11.314285714285715,29,0,1.1428571428571428
555,1,22.716030534351145,57,0,0.33587786259541985
556,0,9.05436507936508,24,0,2.1825396825396823
557,0,8.4,21,0,0.0
558,0,24.294444444444444,60,1,1.2222222222222223
559,0,10.488888888888889,25,1,0.4444444444444444
560,0,4.021527777777778,11,0,1.5138888888888888
561,1,31.495,79,0,0.42
562,1,14.252713178294574,36,0,0.5891472868217055
563,1,21.480208333333334,54,0,0.4791666666666667
564,0,2.3460526315789476,7,0,1.8157894736842106
565,1,10.057894736842105,26,0,1.368421052631579
566,0,6.763186813186813,18,0,1.7472527472527473
567,1,13.463636363636365,34,0,0.5454545454545454
569,0,2.1363636363636367,6,0,1.0545454545454545
570,1,29.051298701298702,74,0,2.1948051948051948
571,0,4.467441860465117,13,0,2.9302325581395348
572,1,9.867532467532468,26,0,2.1298701298701297
573,0,4.704545454545455,15,0,5.181818181818182
574,0,7.253508771929826,24,0,9.385964912280702
575,0,9.215730337078652,27,0,6.337078651685394
576,0,12.322222222222223,34,0,5.111111111111111
577,0,17.150877192982456,47,0,6.5964912280701755
578,0,25.751063829787235,66,0,2.595744680851064
579,0,14.82530864197531,39,0,3.0987654320987654
580,1,14.81764705882353,38,0,1.5294117647058822
581,0,1.4375,5,0,2.25
582,1,6.524528301886792,15,1,0.3018867924528302
583,1,7.380373831775701,19,0,0.8785046728971962
584,1,9.200000000000001,23,0,0.0
585,1,11.270212765957448,29,0,1.3191489361702127
586,0,8.891176470588237,23,0,1.2352941176470589
587,1,30.651298701298703,78,0,2.1948051948051948
588,0,8.918750000000001,23,0,1.125
589,0,7.45,20,0,2.2
590,0,7.4606557377049185,19,0,0.5573770491803278
591,0,3.8448275862068964,10,0,0.6206896551724138
592,1,16.0825,42,0,2.87
593,1,17.59021739130435,46,0,3.239130434782609
594,0,6.0,15,0,0.0
595,0,4.800000000000001,12,0,0.0
596,0,18.0,45,0,0.0
597,0,20.145394736842107,52,0,2.6184210526315788
598,1,49.31972477064221,126,0,4.321100917431193
599,0,24.019354838709678,60,1,2.3225806451612905
600,0,1.8770408163265309,6,0,2.0918367346938775
601,0,10.950000000000001,28,0,1.0
602,1,22.27328244274809,57,0,2.1068702290076335
603,0,9.862890625,26,0,2.1484375
604,0,6.278378378378378,16,0,0.4864864864864865
605,0,24.02777777777778,60,1,2.2888888888888888
606,0,10.4,26,0,0.0
607,0,3.4457142857142857,9,0,0.6171428571428571
608,1,32.800000000000004,82,0,0.0
609,0,26.32553191489362,66,0,0.2978723404255319
610,0,14.0,35,0,0.0
611,0,15.844444444444447,41,0,2.2222222222222223
612,0,2.0,5,0,0.0
613,1,14.201724137931034,36,0,0.7931034482758621
614,0,4.36896551724138,12,0,1.7241379310344827
632,0,6.845161290322581,18,0,1.4193548387096775
633,1,12.188372093023258,33,0,4.046511627906977
634,0,4.304545454545455,14,0,5.181818181818182
635,0,7.576271186440678,25,0,9.694915254237289
636,0,10.415730337078651,30,0,6.337078651685394
637,0,12.322222222222223,34,0,5.111111111111111
638,0,17.48289473684211,48,0,6.868421052631579
639,1,52.780952380952385,132,0,0.0761904761904762
640,0,1.8770408163265309,6,0,2.0918367346938775
641,0,11.691666666666668,28,1,0.43333333333333335
642,0,4.821527777777778,13,0,1.5138888888888888
643,1,16.649572649572654,41,1,1.4017094017094016
644,0,8.767567567567568,26,0,6.52972972972973
645,0,14.54939024390244,41,0,7.402439024390244
646,1,25.148091603053437,62,1,1.0076335877862594
647,0,1.6708333333333338,6,0,2.9166666666666665
648,0,1.2076923076923078,9,1,11.96923076923077
649,0,-0.2938775510204077,6,0,10.775510204081632
650,1,2.8076923076923075,13,1,11.96923076923077
651,1,30.28604651162791,75,1,1.255813953488372
652,1,51.75112781954888,132,0,4.195488721804511
653,0,28.511363636363637,75,0,5.954545454545454
654,0,5.657692307692308,19,0,7.769230769230769
655,1,17.59021739130435,46,0,3.239130434782609
656,0,1.9607526881720432,8,0,4.956989247311828
665,1,4.229166666666666,16,1,11.083333333333334
666,0,1.286290322580645,10,0,10.85483870967742
667,1,17.57584745762712,47,1,7.296610169491525
668,0,11.154347826086958,29,0,1.7826086956521738
669,0,10.355128205128205,26,0,0.1794871794871795
670,1,10.653846153846155,27,0,0.5846153846153846
671,0,8.156410256410258,21,0,0.9743589743589743
672,0,8.89491525423729,23,0,1.2203389830508475
673,1,9.867532467532468,26,0,2.1298701298701297
674,0,0.2235294117647059,1,0,0.7058823529411765
675,1,25.388372093023257,66,0,4.046511627906977
676,0,5.128125000000001,17,0,6.6875
677,0,1.991836734693878,6,0,1.6326530612244898
689,0,1.992592592592593,6,0,1.6296296296296295
690,0,5.490322580645161,18,0,6.838709677419355
691,1,12.188372093023258,33,0,4.046511627906977
692,0,5.525,17,0,5.1
693,1,11.912658227848102,31,0,1.9493670886075949
694,0,5.77,15,0,0.92
695,1,8.956410256410258,23,0,0.9743589743589743
696,1,12.281578947368422,31,0,0.47368421052631576
697,1,15.579885057471266,39,0,0.08045977011494253
698,1,17.957553956834534,46,0,1.7697841726618706
699,1,23.361538461538466,61,1,6.553846153846154
700,0,-0.12631578947368372,6,0,10.105263157894736
701,1,1.6076923076923073,10,1,11.96923076923077
707,1,7.540322580645161,20,0,1.8387096774193548
727,0,2.392592592592593,7,0,1.6296296296296295
728,0,5.490322580645161,18,0,6.838709677419355
729,1,14.188372093023258,38,0,4.046511627906977
730,0,4.704545454545455,15,0,5.181818181818182
731,0,7.576271186440678,25,0,9.694915254237289
732,0,10.850549450549451,31,0,6.197802197802198
733,0,30.04047619047619,79,0,6.238095238095238
734,1,48.919724770642205,125,0,4.321100917431193
735,1,30.303703703703704,75,1,1.1851851851851851
736,1,51.17744360902256,128,0,0.09022556390977443
737,1,43.6,109,0,0.0
738,0,2.258823529411765,6,0,0.5647058823529412
739,0,5.049358974358975,13,0,0.6025641025641025
740,1,19.10089285714286,51,0,5.196428571428571
741,1,19.93448275862069,50,0,0.2620689655172414
742,1,15.341025641025643,39,1,3.4358974358974357
743,0,9.614062500000001,28,0,6.34375
744,0,13.74939024390244,39,0,7.402439024390244
745,1,22.55714285714286,59,1,6.571428571428571
746,1,1.715789473684211,6,0,2.736842105263158
747,1,1.6076923076923073,10,1,11.96923076923077
748,1,5.194827586206897,14,0,1.6206896551724137
749,0,0.2736842105263162,7,0,10.105263157894736
750,1,1.6076923076923073,10,1,11.96923076923077
751,0,0.8,2,0,0.0
752,0,0.45945945945945943,1,1,2.1621621621621623
753,1,0.46,2,0,1.36
754,0,0.4,1,0,0.0
755,0,0.4,1,0,0.0
756,1,0.46,2,0,1.36
757,1,7.6833333333333345,19,1,2.066666666666667
758,0,0.0,0,0,0.0
759,1,5.171794871794871,18,1,10.512820512820513
760,1,7.380373831775701,19,0,0.8785046728971962
774,0,0.4,1,0,0.0
775,0,0.4,1,0,0.0
776,0,0.4,1,0,0.0
777,0,0.45945945945945943,1,1,2.1621621621621623
778,1,2.1763157894736844,6,0,0.8947368421052632
779,0,-0.16666666666666666,0,0,0.6666666666666666
785,1,30.703703703703706,76,1,1.1851851851851851
786,0,24.55211267605634,63,0,2.591549295774648
790,1,30.260919540229885,75,1,1.3563218390804597
791,0,24.019354838709678,60,1,2.3225806451612905
792,0,11.8,28,1,0.0
793,0,4.021527777777778,11,0,1.5138888888888888
794,1,16.141025641025646,41,1,3.4358974358974357
795,0,9.183597883597884,27,0,6.465608465608466
796,0,14.54939024390244,41,0,7.402439024390244
797,1,21.738709677419358,57,1,6.645161290322581
798,0,2.8000000000000003,7,0,0.0
799,1,1.6076923076923073,10,1,11.96923076923077
800,1,7.627659574468085,20,0,1.4893617021276595
801,0,1.197315436241611,4,0,1.610738255033557
802,1,18.400649350649353,47,0,1.5974025974025974
803,1,14.897756410256411,42,0,7.608974358974359
804,0,6.1000000000000005,19,0,6.0
805,0,7.496703296703298,19,1,2.8131868131868134
806,1,31.6,79,0,0.0
807,1,14.4,36,0,0.0
808,0,10.0,25,0,0.0
809,1,16.400000000000002,41,0,0.0
810,1,16.400000000000002,41,0,0.0
811,0,3.2,8,0,0.0
812,0,1.2000000000000002,3,0,0.0
817,0,2.4067010309278354,9,0,4.77319587628866
818,0,6.272289156626506,18,0,3.710843373493976
819,0,11.842857142857143,33,0,5.428571428571429
820,0,17.179310344827588,47,0,6.482758620689655
821,1,45.8343949044586,115,0,0.6624203821656051
822,0,10.219805194805195,26,0,0.7207792207792207
823,0,9.844886363636364,24,1,1.4204545454545454
824,0,10.8,27,0,0.0
825,0,10.65436507936508,28,0,2.1825396825396823
826,1,18.670720720720723,48,0,2.1171171171171173
827,0,10.161904761904763,26,0,0.9523809523809523
828,0,4.609027777777778,12,0,0.7638888888888888
829,1,16.649572649572654,41,1,1.4017094017094016
830,0,9.614062500000001,28,0,6.34375
831,0,14.54939024390244,41,0,7.402439024390244
832,1,14.74424778761062,38,0,1.823008849557522
833,0,10.355128205128205,26,0,0.1794871794871795
834,0,6.222368421052632,16,0,0.7105263157894737
835,1,28.651298701298703,73,0,2.1948051948051948
836,1,17.209375,44,0,1.5625
837,1,18.485714285714288,48,0,2.857142857142857
838,1,25.388372093023257,66,0,4.046511627906977
839,0,2.8000000000000003,7,0,0.0
846,0,-0.16249999999999998,1,0,2.25
847,1,30.108333333333334,77,0,2.7666666666666666
848,0,22.46136363636364,58,0,2.9545454545454546
849,0,20.145394736842107,52,0,2.6184210526315788
850,0,28.91136363636364,76,0,5.954545454545454
851,0,13.842857142857143,38,0,5.428571428571429
852,1,22.975757575757576,61,0,5.696969696969697
853,0,8.420588235294119,28,0,11.117647058823529
854,0,3.7863636363636366,11,0,2.4545454545454546
855,0,5.525,17,0,5.1
856,1,11.912658227848102,31,0,1.9493670886075949
857,1,13.74,36,0,2.64
858,1,26.651298701298703,68,0,2.1948051948051948
859,0,3.3363636363636364,9,0,1.0545454545454545
875,0,0.4,1,0,0.0
876,1,7.6833333333333345,19,1,2.066666666666667
877,0,4.796969696969698,14,0,3.212121212121212
878,1,28.36447368421053,73,0,3.3421052631578947
879,1,26.305434782608696,67,0,1.9782608695652173
880,1,62.41092715231788,157,0,1.5562913907284768
881,1,65.2797619047619,165,0,2.880952380952381
882,1,14.897756410256411,42,0,7.608974358974359
883,0,5.7034965034965035,18,0,5.986013986013986
884,0,7.102777777777778,18,1,2.7888888888888888
885,1,17.785135135135135,46,0,2.4594594594594597
886,1,19.10089285714286,51,0,5.196428571428571
887,1,15.2825,40,0,2.87
888,1,17.590860215053766,46,0,3.236559139784946
889,0,2.360752688172043,9,0,4.956989247311828
904,0,2.006701030927835,8,0,4.77319587628866
905,0,5.072289156626506,15,0,3.710843373493976
906,1,11.706521739130435,31,0,2.773913043478261
907,1,19.10089285714286,51,0,5.196428571428571
908,1,18.57241379310345,48,0,2.510344827586207
909,1,16.141025641025646,41,1,3.4358974358974357
910,0,9.175668449197861,27,0,6.497326203208556
911,0,14.54939024390244,41,0,7.402439024390244
912,1,62.800000000000004,157,0,0.0
913,1,39.18850931677019,99,0,1.6459627329192548
914,1,29.825641025641026,77,0,3.8974358974358974
915,1,25.585897435897436,66,0,3.2564102564102564
916,0,7.263888888888889,20,0,2.9444444444444446
917,0,0.4117647058823529,1,1,2.3529411764705883
918,0,0.0,0,0,0.0
934,1,3.6648148148148145,15,1,11.74074074074074
935,0,1.286290322580645,10,0,10.85483870967742
936,1,19.147826086956524,47,1,1.008695652173913
937,1,16.09193548387097,45,0,7.632258064516129
938,0,5.7,18,0,6.0
939,0,7.496703296703298,19,1,2.8131868131868134
940,1,15.849572649572652,39,1,1.4017094017094016
941,0,8.767567567567568,26,0,6.52972972972973
942,0,14.149390243902438,40,0,7.402439024390244
943,1,22.157142857142862,58,1,6.571428571428571
944,0,0.054901960784313975,7,0,10.980392156862745
945,0,1.2076923076923078,9,1,11.96923076923077
946,0,0.4,1,0,0.0
947,1,0.46,2,0,1.36
948,1,7.6833333333333345,19,1,2.066666666666667
949,1,18.358823529411765,47,0,1.7647058823529411
950,0,5.998529411764706,17,0,3.2058823529411766
951,1,28.36447368421053,73,0,3.3421052631578947
952,1,27.340579710144926,70,0,2.63768115942029
953,1,62.41092715231788,157,0,1.5562913907284768
954,1,65.2797619047619,165,0,2.880952380952381
955,1,16.09193548387097,45,0,7.632258064516129
956,0,5.589930555555556,17,0,4.840277777777778
957,1,17.785135135135135,46,0,2.4594594594594597
958,1,18.700892857142858,50,0,5.196428571428571
959,1,16.0825,42,0,2.87
960,0,12.268674698795182,34,0,5.325301204819277
961,0,17.09646017699115,47,0,6.814159292035399
962,1,48.919724770642205,125,0,4.321100917431193
963,1,20.112962962962964,51,0,1.1481481481481481
964,1,18.400000000000002,46,0,0.0
965,0,4.671287128712872,12,0,0.5148514851485149
966,1,8.275694444444445,22,0,2.0972222222222223
967,0,2.273949579831933,6,0,0.5042016806722689
968,0,2.6770491803278693,7,0,0.4918032786885246
969,0,2.2816176470588236,7,0,2.073529411764706
970,0,4.2785046728971965,11,0,0.48598130841121495
971,1,18.383333333333336,46,0,0.06666666666666667
972,1,19.31818181818182,49,0,1.1272727272727272
973,1,56.497058823529414,144,0,4.411764705882353
974,0,28.511363636363637,75,0,5.954545454545454
975,1,16.86842105263158,45,0,4.526315789473684
976,1,12.09954954954955,32,0,2.8018018018018016
977,1,19.10089285714286,51,0,5.196428571428571
978,1,19.372413793103448,50,0,2.510344827586207
979,0,2.4000000000000004,6,0,0.0
980,0,10.373489932885906,29,0,4.906040268456376
981,0,14.54939024390244,41,0,7.402439024390244
982,1,62.06620370370371,157,0,2.935185185185185
983,1,31.99104938271605,81,0,1.6358024691358024
984,1,29.825641025641026,77,0,3.8974358974358974
985,1,25.985897435897435,67,0,3.2564102564102564
986,1,8.06388888888889,22,0,2.9444444444444446
987,1,18.758823529411767,48,0,1.7647058823529411
988,0,0.45945945945945943,1,1,2.1621621621621623
989,1,0.4730769230769231,2,0,1.3076923076923077
990,0,0.4,1,0,0.0
996,0,0.4,1,0,0.0
997,1,7.275806451612903,18,1,2.096774193548387
998,0,5.998529411764706,17,0,3.2058823529411766
999,1,26.8,67,0,0.0
1000,1,27.35,70,0,2.6
1001,1,62.01092715231788,156,0,1.5562913907284768
1002,1,62.876041666666666,159,0,2.8958333333333335
1003,1,15.29775641025641,43,0,7.608974358974359
1004,0,5.7,18,0,6.0
1005,0,7.97717391304348,19,1,0.8913043478260869
1006,0,5.551048951048951,14,0,0.1958041958041958
1007,1,18.406962025316457,45,1,0.7721518987341772
1008,0,7.9,21,0,2.0
1009,1,30.703703703703706,76,1,1.1851851851851851
1010,1,16.141025641025646,41,1,3.4358974358974357
1011,0,8.767567567567568,26,0,6.52972972972973
1012,0,14.54939024390244,41,0,7.402439024390244
1013,1,23.749624060150378,62,1,6.601503759398496
1014,0,-0.238297872340425,6,0,10.553191489361701
1015,1,4.1230769230769235,9,1,0.3076923076923077
1016,1,16.822222222222223,44,0,3.111111111111111
1017,0,10.105882352941176,26,0,1.1764705882352942
1018,1,14.255223880597015,37,0,2.1791044776119404
1019,0,8.164705882352942,21,0,0.9411764705882353
1020,1,8.25,22,0,2.2
1021,0,7.4606557377049185,19,0,0.5573770491803278
1022,0,3.8448275862068964,10,0,0.6206896551724138
1023,0,2.692857142857143,7,0,0.42857142857142855
1024,0,5.047402597402598,13,0,0.6103896103896104
1025,0,10.8,27,0,0.0
1026,0,6.800000000000001,17,0,0.0
1027,1,52.95112781954887,135,0,4.195488721804511
1028,0,24.55211267605634,63,0,2.591549295774648
1029,0,15.23125,40,0,3.075
1030,1,14.81764705882353,38,0,1.5294117647058822
1031,0,1.4375,5,0,2.25
1032,1,17.12777777777778,44,0,1.8888888888888888
1033,1,16.541025641025644,42,1,3.4358974358974357
1034,0,8.587016574585636,25,0,5.651933701657459
1035,0,14.149390243902438,40,0,7.402439024390244
1036,1,21.748,57,1,6.608
1037,0,-0.43636363636363606,6,0,11.345454545454546
1038,1,1.5609374999999996,10,1,12.15625
1039,0,23.90430107526882,59,1,1.1827956989247312
1040,0,2.271649484536083,7,0,2.11340206185567
1041,0,11.950000000000001,29,1,1.0
1042,0,5.009027777777778,13,0,0.7638888888888888
1043,1,32.322330097087374,81,0,0.3106796116504854
1044,1,19.942500000000003,51,0,1.83
1045,0,2.7192307692307693,8,0,1.9230769230769231
1046,1,10.057894736842105,26,0,1.368421052631579
1047,0,6.763186813186813,18,0,1.7472527472527473
1048,1,11.36328125,30,0,2.546875
1049,0,-0.08437499999999998,1,0,1.9375
1050,0,-0.13571428571428568,1,0,2.142857142857143
1051,1,1.2000000000000002,3,0,0.0
1052,0,-0.16666666666666666,0,0,0.6666666666666666
1053,1,1.0499999999999998,2,1,1.4
1054,0,3.06875,9,0,2.125
1055,1,13.344827586206897,35,0,2.6206896551724137
1056,1,7.9518867924528305,21,0,1.7924528301886793
1057,0,5.757142857142857,16,0,2.5714285714285716
1058,0,1.4969879518072289,5,0,2.0120481927710845
1059,1,9.907692307692308,26,0,1.9692307692307693
1060,0,2.671559633027523,7,0,0.5137614678899083
1061,1,52.95740740740741,135,0,4.17037037037037
1062,0,29.71136363636364,78,0,5.954545454545454
1063,1,16.037662337662336,43,0,4.64935064935065
1064,1,12.09954954954955,32,0,2.8018018018018016
1065,1,19.10089285714286,51,0,5.196428571428571
1066,1,20.17241379310345,52,0,2.510344827586207
1067,1,16.141025641025646,41,1,3.4358974358974357
1068,0,9.383333333333335,27,0,5.666666666666667
1069,1,23.723076923076924,62,1,6.707692307692308
1070,0,0.054901960784313975,7,0,10.980392156862745
1071,0,1.2076923076923078,9,1,11.96923076923077
1072,1,3.70377358490566,15,1,11.584905660377359
1073,0,1.286290322580645,10,0,10.85483870967742
1074,1,19.243902439024392,51,1,7.024390243902439
1075,1,18.96851851851852,52,0,7.325925925925926
1076,0,4.779032258064516,15,0,4.883870967741935
1077,1,9.00047169811321,23,1,3.19811320754717
1078,1,17.785135135135135,46,0,2.4594594594594597
1079,1,19.50089285714286,52,0,5.196428571428571
1080,1,16.0825,42,0,2.87
1081,0,10.21764705882353,29,0,5.529411764705882
1082,0,30.42548076923077,80,0,6.298076923076923
1083,1,48.919724770642205,125,0,4.321100917431193
1084,1,3.6648148148148145,15,1,11.74074074074074
1085,0,-0.3137096774193546,6,0,10.85483870967742
1086,1,20.48740157480315,54,1,6.850393700787402
1087,1,15.29775641025641,43,0,7.608974358974359
1088,0,6.389930555555556,19,0,4.840277777777778
1089,0,7.090760869565218,18,1,2.8369565217391304
1090,0,1.2000000000000002,3,0,0.0
1091,0,2.8000000000000003,7,0,0.0
1092,1,11.600000000000001,29,0,0.0
1093,1,10.4,26,0,0.0
1094,0,8.4,21,0,0.0
1095,1,15.600000000000001,39,0,0.0
1096,1,36.69500000000001,92,0,0.42
1097,1,20.541025641025644,52,1,3.4358974358974357
1098,0,9.183597883597884,27,0,6.465608465608466
1099,1,16.0,40,0,0.0
1100,0,11.954347826086957,31,0,1.7826086956521738
1101,0,2.397315436241611,7,0,1.610738255033557
1102,1,4.383333333333334,12,0,1.6666666666666667
1103,1,3.70377358490566,15,1,11.584905660377359
1104,0,1.286290322580645,10,0,10.85483870967742
1105,1,15.658928571428573,42,1,6.964285714285714
1106,1,14.897756410256411,42,0,7.608974358974359
1107,0,4.496551724137931,15,0,6.0137931034482754
1108,0,7.860416666666667,20,1,2.9583333333333335
1109,0,5.2241134751773055,14,0,1.50354609929078
1110,1,19.201948051948055,47,1,0.7922077922077922
1111,1,30.66666666666667,76,1,1.3333333333333333
1112,1,0.9000000000000001,3,0,1.2
1113,0,0.13823529411764712,2,0,2.6470588235294117
1114,0,3.06875,9,0,2.125
1115,0,3.836274509803922,11,0,2.2549019607843137
1116,0,7.1631868131868135,19,0,1.7472527472527473
1117,1,10.063793103448276,26,0,1.3448275862068966
1118,0,9.139024390243904,23,0,0.24390243902439024
1119,0,4.658267716535434,12,0,0.5669291338582677
1120,0,10.258661417322836,27,0,2.1653543307086616
1121,1,19.118918918918922,48,0,0.32432432432432434
1122,0,11.954310344827586,29,1,0.9827586206896551
1123,1,16.085714285714285,42,0,2.857142857142857
1124,0,10.4,26,0,0.0
1125,1,14.8,37,0,0.0
1126,0,4.479761904761905,13,0,2.880952380952381
1127,1,9.467532467532468,25,0,2.1298701298701297
1128,0,3.9045454545454548,13,0,5.181818181818182
1129,0,6.869642857142859,23,0,9.321428571428571
1130,0,10.850549450549451,31,0,6.197802197802198
1131,1,12.106521739130436,32,0,2.773913043478261
1132,1,18.700892857142858,50,0,5.196428571428571
1133,1,19.372413793103448,50,0,2.510344827586207
1134,1,31.200000000000003,78,0,0.0
1135,1,14.252713178294574,36,0,0.5891472868217055
1136,1,20.290000000000003,51,0,0.44
1137,0,2.7192307692307693,8,0,1.9230769230769231
1138,1,23.6,59,0,0.0
1139,0,3.6291666666666664,10,0,1.4833333333333334
1140,1,10.33061224489796,27,0,1.8775510204081634
1141,1,5.2,13,0,0.0
1142,1,3.6,9,0,0.0
1143,0,2.4000000000000004,6,0,0.0
1144,1,1.6,4,0,0.0
1145,1,0.4730769230769231,2,0,1.3076923076923077
1146,1,9.184615384615386,23,1,2.4615384615384617
1147,0,5.2,13,0,0.0
1168,1,5.3,18,1,10.0
1169,0,3.3326612903225805,10,0,2.6693548387096775
1170,1,21.931707317073172,54,1,1.0731707317073171
1171,1,18.540510948905112,51,0,7.437956204379562
1172,0,6.1000000000000005,19,0,6.0
1173,0,7.108988764044944,18,1,2.764044943820225
1174,1,18.580952380952382,48,0,2.4761904761904763
1175,0,2.692857142857143,7,0,0.42857142857142855
1176,0,5.047402597402598,13,0,0.6103896103896104
1177,0,2.2482658959537574,6,0,0.6069364161849711
1178,1,35.438709677419354,89,0,0.6451612903225806
1179,1,50.519724770642206,129,0,4.321100917431193
1180,1,5.171794871794871,18,1,10.512820512820513
1181,0,1.286290322580645,10,0,10.85483870967742
1182,1,21.931707317073172,54,1,1.0731707317073171
1183,1,16.09193548387097,45,0,7.632258064516129
1184,0,6.103496503496504,19,0,5.986013986013986
1185,0,7.090760869565218,18,1,2.8369565217391304
1186,0,5.806338028169014,15,0,0.7746478873239436
1187,1,19.717721518987346,48,1,0.3291139240506329
1188,0,8.3,22,0,2.0
1189,1,30.303703703703704,75,1,1.1851851851851851
1190,1,49.2,123,0,0.0
1191,1,52.551127819548874,134,0,4.195488721804511
1192,0,28.91136363636364,76,0,5.954545454545454
1193,0,13.895121951219513,38,0,5.219512195121951
1194,1,20.975757575757576,56,0,5.696969696969697
1195,0,9.208333333333336,29,0,9.566666666666666
1196,0,-0.7166666666666667,1,0,4.466666666666667
1197,1,24.988372093023255,65,0,4.046511627906977
1198,0,5.163636363636364,17,0,6.545454545454546
1199,1,16.141025641025646,41,1,3.4358974358974357
1200,0,8.086363636363638,24,0,6.054545454545455
1201,0,14.149390243902438,40,0,7.402439024390244
1202,1,21.748,57,1,6.608
1203,0,-0.2938775510204077,6,0,10.775510204081632
1204,1,1.6076923076923073,10,1,11.96923076923077
1221,1,9.15,23,0,0.2
1222,1,7.4145161290322585,19,0,0.7419354838709677
1223,0,1.2000000000000002,3,0,0.0
1224,1,29.708333333333336,76,0,2.7666666666666666
1225,0,18.821518987341772,49,0,3.1139240506329116
1226,0,20.8,52,0,0.0
1227,1,54.64539473684211,137,0,0.618421052631579
1228,0,2.258823529411765,6,0,0.5647058823529412
1229,0,10.4,26,0,0.0
1230,1,29.900000000000002,74,1,1.2
1231,0,5.464,14,0,0.544
1232,0,9.858661417322836,26,0,2.1653543307086616
1233,1,19.118918918918922,48,0,0.32432432432432434
1234,0,10.086666666666668,26,0,1.2533333333333334
1235,0,7.9,21,0,2.0
1236,1,30.703703703703706,76,1,1.1851851851851851
1237,1,52.95112781954887,135,0,4.195488721804511
1238,0,26.151063829787233,67,0,2.595744680851064
1239,0,14.82530864197531,39,0,3.0987654320987654
1240,0,5.2,13,0,0.0
1241,0,4.0,10,0,0.0
1242,0,6.672289156626507,19,0,3.710843373493976
1243,1,12.09954954954955,32,0,2.8018018018018016
1244,0,11.44016393442623,29,0,0.639344262295082
1245,0,7.4750000000000005,19,0,0.5
1246,1,9.48076923076923,25,0,2.076923076923077
1247,0,9.29491525423729,24,0,1.2203389830508475
1248,1,12.5265306122449,33,0,2.693877551020408
1249,1,26.651298701298703,68,0,2.1948051948051948
1250,1,20.17536231884058,51,0,0.8985507246376812
1251,1,11.270212765957448,29,0,1.3191489361702127
1252,1,4.794827586206897,13,0,1.6206896551724137
1253,1,1.715789473684211,6,0,2.736842105263158
1254,1,4.523076923076923,10,1,0.3076923076923077
1255,0,2.8000000000000003,7,0,0.0
1265,1,12.211475409836066,31,0,0.7540983606557377
1266,0,1.2000000000000002,3,0,0.0
1267,1,28.508333333333336,73,0,2.7666666666666666
1268,0,17.22151898734177,45,0,3.1139240506329116
1269,0,20.702173913043477,52,0,0.391304347826087
1270,0,24.291011235955057,60,1,1.2359550561797752
1271,1,5.171794871794871,18,1,10.512820512820513
1272,1,10.775609756097563,27,0,0.0975609756097561
1273,1,25.962365591397848,65,0,0.15053763440860216
1274,0,6.347368421052632,16,0,0.21052631578947367
1275,0,2.2750000000000004,6,0,0.5
1276,1,30.244767441860464,77,0,2.2209302325581395
1277,0,9.139024390243904,23,0,0.24390243902439024
1278,0,4.2090551181102365,11,0,0.7637795275590551
1279,0,9.858661417322836,26,0,2.1653543307086616
1280,1,18.27072072072072,47,0,2.1171171171171173
1281,1,20.274137931034485,52,0,2.103448275862069
1282,0,9.075806451612905,24,0,2.096774193548387
1283,1,52.95112781954887,135,0,4.195488721804511
1284,0,28.111363636363638,74,0,5.954545454545454
1285,0,5.765000000000001,19,0,7.34
1286,1,17.59021739130435,46,0,3.239130434782609
1287,0,1.9607526881720432,8,0,4.956989247311828
1288,0,3.96896551724138,11,0,1.7241379310344827
1311,1,8.750000000000002,23,0,1.8
1312,0,2.4067010309278354,9,0,4.77319587628866
1313,0,5.072289156626506,15,0,3.710843373493976
1314,0,12.322222222222223,34,0,5.111111111111111
1315,0,17.220731707317075,47,0,6.317073170731708
1316,1,51.69953271028038,132,0,4.401869158878505
1317,0,7.2,20,0,3.2
1318,1,15.474576271186441,40,0,2.1016949152542375
1319,1,22.27328244274809,57,0,2.1068702290076335
1320,0,9.05436507936508,24,0,2.1825396825396823
1321,0,5.834905660377358,15,0,0.660377358490566
1322,0,5.503061224489796,14,0,0.3877551020408163
1323,1,23.95163043478261,61,0,1.7934782608695652
1324,0,4.680434782608696,12,0,0.4782608695652174
1325,0,7.147368421052632,18,0,0.21052631578947367
1326,1,27.963541666666668,70,0,0.14583333333333334
1327,0,-0.5333333333333328,6,0,11.733333333333333
1328,0,1.2076923076923078,9,1,11.96923076923077
1329,1,15.908620689655175,41,0,1.9655172413793103
1338,0,24.019354838709678,60,1,2.3225806451612905
1339,0,3.6215277777777777,10,0,1.5138888888888888
1340,1,15.849572649572652,39,1,1.4017094017094016
1341,0,7.903353658536587,24,0,6.786585365853658
1342,1,24.14962406015038,63,1,6.601503759398496
1343,0,-0.12631578947368372,6,0,10.105263157894736
1344,1,1.6076923076923073,10,1,11.96923076923077
1345,1,5.171794871794871,18,1,10.512820512820513
1346,0,1.286290322580645,10,0,10.85483870967742
1347,0,-0.25,0,0,1.0
1348,1,0.5882352941176471,1,1,1.6470588235294117
1349,0,2.6551282051282055,8,0,2.1794871794871793
1350,0,5.439814814814815,15,0,2.240740740740741
1351,0,1.2029411764705884,4,0,1.588235294117647
1352,1,11.914423076923077,31,0,1.9423076923076923
1353,0,2.4163793103448277,7,0,1.5344827586206897
1354,1,29.87527472527473,76,0,2.098901098901099
1355,0,1.9312500000000004,6,0,1.875
1356,1,21.514367816091955,55,0,1.9425287356321839
1357,0,6.4,16,0,0.0
1358,0,9.200000000000001,23,0,0.0
1359,0,10.658661417322836,28,0,2.1653543307086616
1360,1,18.27072072072072,47,0,2.1171171171171173
1361,0,10.980701754385967,28,0,0.8771929824561403
1362,0,1.978021978021978,5,0,0.08791208791208792
1363,0,1.081818181818182,3,0,0.4727272727272727
1364,1,10.656060606060606,27,0,0.5757575757575758
1365,0,8.156410256410258,21,0,0.9743589743589743
1366,0,8.89491525423729,23,0,1.2203389830508475
1367,1,16.002040816326534,41,0,1.5918367346938775
1368,0,8.565957446808511,22,0,0.9361702127659575
1369,1,18.085714285714285,47,0,2.857142857142857
1370,0,2.391836734693878,7,0,1.6326530612244898
1376,1,3.786274509803921,15,1,11.254901960784315
1377,0,3.3326612903225805,10,0,2.6693548387096775
1378,1,21.931707317073172,54,1,1.0731707317073171
1379,1,18.540510948905112,51,0,7.437956204379562
1380,0,5.7034965034965035,18,0,5.986013986013986
1381,0,7.108988764044944,18,1,2.764044943820225
1395,0,0.0,0,0,0.0
1396,1,0.9000000000000001,3,0,1.2
1397,0,-0.2617647058823529,1,0,2.6470588235294117
1398,0,3.06875,9,0,2.125
1399,0,4.301960784313726,11,0,0.39215686274509803
1400,0,7.563186813186813,20,0,1.7472527472527473
1401,1,10.063793103448276,26,0,1.3448275862068966
1402,0,1.9312500000000004,6,0,1.875
1403,1,21.514367816091955,55,0,1.9425287356321839
1404,1,12.23969465648855,31,0,0.6412213740458015
1405,0,5.966911764705882,15,0,0.1323529411764706
1406,1,19.717721518987346,48,1,0.3291139240506329
1407,0,7.9,21,0,2.0
1408,1,30.303703703703704,75,1,1.1851851851851851
1409,1,7.540322580645161,20,0,1.8387096774193548
1410,1,6.387719298245615,17,0,1.6491228070175439
1411,1,9.974683544303797,25,0,0.10126582278481013
1412,1,25.962365591397848,65,0,0.15053763440860216
1413,0,6.347368421052632,16,0,0.21052631578947367
1414,0,4.800000000000001,12,0,0.0
1415,0,2.277777777777778,6,0,0.4888888888888889
1416,1,29.844767441860466,76,0,2.2209302325581395
1417,0,8.332432432432432,21,0,0.2702702702702703
1418,0,5.009055118110236,13,0,0.7637795275590551
1419,0,2.0,5,0,0.0
1420,1,16.400000000000002,41,0,0.0
1421,1,14.4,36,0,0.0
1422,0,4.272549019607844,11,0,0.5098039215686274
1423,1,18.38360655737705,46,0,0.06557377049180328
1424,1,19.31818181818182,49,0,1.1272727272727272
1425,0,7.4603174603174605,20,0,2.1587301587301586
1426,1,7.140322580645162,19,0,1.8387096774193548
1427,0,20.087769784172664,52,0,2.8489208633093526
1428,1,30.703703703703706,76,1,1.1851851851851851
1429,1,23.749624060150378,62,1,6.601503759398496
1430,0,0.054901960784313975,7,0,10.980392156862745
1431,1,1.6076923076923073,10,1,11.96923076923077
1432,1,9.600000000000001,24,0,0.0
1433,0,3.0679245283018868,8,0,0.5283018867924528
1434,0,5.062204724409449,13,0,0.5511811023622047
1435,0,9.858661417322836,26,0,2.1653543307086616
1436,1,19.08008849557522,49,0,2.079646017699115
1437,0,9.707142857142857,25,0,1.1714285714285715
1438,0,11.145833333333334,27,1,1.0166666666666666
1439,0,3.6215277777777777,10,0,1.5138888888888888
1440,1,16.541025641025644,42,1,3.4358974358974357
1441,0,9.381989247311829,27,0,5.672043010752688
1442,0,14.149390243902438,40,0,7.402439024390244
1443,1,23.73015267175573,62,1,6.679389312977099
1444,0,2.8000000000000003,7,0,0.0
1445,1,2.8076923076923075,13,1,11.96923076923077
1446,1,5.1125,18,1,10.75
1447,0,0.8862903225806451,9,0,10.85483870967742
1448,1,21.931707317073172,54,1,1.0731707317073171
1449,1,15.691935483870969,44,0,7.632258064516129
1450,0,6.1000000000000005,19,0,6.0
1451,0,7.108988764044944,18,1,2.764044943820225
1452,0,4.818881118881119,13,0,1.5244755244755244
1453,1,19.717721518987346,48,1,0.3291139240506329
1454,0,12.165625,31,0,0.9375
1455,1,22.273076923076925,57,0,2.1076923076923078
1456,0,9.462890625,25,0,2.1484375
1457,0,5.879464285714286,15,0,0.48214285714285715
1458,0,2.716666666666667,7,0,0.3333333333333333
1459,1,10.0,25,0,0.0
1460,0,1.6,4,0,0.0
1461,0,2.4067010309278354,9,0,4.77319587628866
1462,0,5.472289156626506,16,0,3.710843373493976
1463,1,12.101339285714287,32,0,2.794642857142857
1464,1,19.10089285714286,51,0,5.196428571428571
1465,1,18.57241379310345,48,0,2.510344827586207
1466,1,15.341025641025643,39,1,3.4358974358974357
1467,0,9.175668449197861,27,0,6.497326203208556
1468,1,16.0,40,0,0.0
1469,1,22.582812500000003,59,1,6.46875
1470,0,-0.12631578947368372,6,0,10.105263157894736
1471,0,1.2076923076923078,9,1,11.96923076923077
1472,0,0.23333333333333336,1,0,0.6666666666666666
1473,0,0.11621621621621625,1,0,1.135135135135135
1474,0,0.3939393939393939,1,1,2.4242424242424243
1475,0,0.4,1,0,0.0
1476,0,0.4,1,0,0.0
1477,0,0.0,0,0,0.0
1490,1,0.9000000000000001,3,0,1.2
1491,0,0.13823529411764712,2,0,2.6470588235294117
1492,0,2.66875,8,0,2.125
1493,0,3.436274509803922,10,0,2.2549019607843137
1494,0,7.1631868131868135,19,0,1.7472527472527473
1495,1,10.085950413223141,26,0,1.256198347107438
1496,0,1.9312500000000004,6,0,1.875
1497,1,22.314367816091956,57,0,1.9425287356321839
1498,1,13.040909090909093,33,0,0.6363636363636364
1499,0,5.806338028169014,15,0,0.7746478873239436
1500,1,19.60696202531646,48,1,0.7721518987341772
1501,0,7.9,21,0,2.0
1502,1,30.660493827160497,76,1,1.3580246913580247
1503,0,5.2,15,0,3.2
1504,1,15.474576271186441,40,0,2.1016949152542375
1505,0,10.980701754385967,28,0,0.8771929824561403
1506,0,1.9781420765027322,5,0,0.08743169398907104
1507,0,1.081818181818182,3,0,0.4727272727272727
1508,0,6.222368421052632,16,0,0.7105263157894737
1509,0,3.3363636363636364,9,0,1.0545454545454545
1519,1,16.727272727272727,43,0,1.8909090909090909
1528,0,1.2027397260273973,4,0,1.5890410958904109
1529,0,4.642982456140351,13,0,2.2280701754385963
1530,1,10.085950413223141,26,0,1.256198347107438
1531,0,5.009055118110236,13,0,0.7637795275590551
1532,0,10.658661417322836,28,0,2.1653543307086616
1533,1,18.27072072072072,47,0,2.1171171171171173
1534,1,20.674137931034487,53,0,2.103448275862069
1535,0,8.260317460317461,22,0,2.1587301587301586
1536,0,5.2,15,0,3.2
1537,1,15.874576271186443,41,0,2.1016949152542375
1538,1,22.27328244274809,57,0,2.1068702290076335
1539,0,9.05436507936508,24,0,2.1825396825396823
1540,0,5.834905660377358,15,0,0.660377358490566
1541,1,9.666666666666666,25,0,1.3333333333333333
1542,0,5.439814814814815,15,0,2.240740740740741
1543,0,0.8031746031746034,3,0,1.5873015873015872
1551,1,7.940322580645161,21,0,1.8387096774193548
1552,0,5.890322580645162,19,0,6.838709677419355
1553,1,8.838235294117647,25,0,4.647058823529412
1554,0,4.304545454545455,14,0,5.181818181818182
1555,0,7.398148148148149,25,0,10.407407407407407
1556,0,10.850549450549451,31,0,6.197802197802198
1557,0,11.442857142857143,32,0,5.428571428571429
1558,0,30.04047619047619,79,0,6.238095238095238
1559,1,44.077551020408166,113,0,4.489795918367347
1560,1,51.75112781954888,132,0,4.195488721804511
1561,0,30.111363636363638,79,0,5.954545454545454
1562,0,15.23766233766234,41,0,4.64935064935065
1563,1,22.575757575757574,60,0,5.696969696969697
1564,0,9.208333333333336,29,0,9.566666666666666
1565,0,0.2235294117647059,1,0,0.7058823529411765
1566,1,26.588372093023256,69,0,4.046511627906977
1567,0,5.5636363636363635,18,0,6.545454545454546
1568,0,6.27824074074074,15,1,1.287037037037037
1569,0,1.8770408163265309,6,0,2.0918367346938775
1570,0,11.145833333333334,27,1,1.0166666666666666
1571,0,4.021527777777778,11,0,1.5138888888888888
1572,0,9.383333333333335,27,0,5.666666666666667
1573,1,21.748,57,1,6.608
1574,1,21.931707317073172,54,1,1.0731707317073171
1575,0,14.497756410256413,41,0,7.608974358974359
1576,0,5.990492957746479,18,0,4.838028169014085
1577,0,4.818881118881119,13,0,1.5244755244755244
1578,1,18.406962025316457,45,1,0.7721518987341772
1579,0,8.3,22,0,2.0
1580,1,30.660493827160497,76,1,1.3580246913580247
1581,1,4.9,17,1,10.0
1582,0,0.4862903225806452,8,0,10.85483870967742
1583,1,17.57584745762712,47,1,7.296610169491525
1584,0,12.354347826086958,32,0,1.7826086956521738
1585,0,1.197315436241611,4,0,1.610738255033557
1586,1,4.783333333333333,13,0,1.6666666666666667
1587,0,2.5363636363636366,7,0,1.0545454545454545
1588,1,28.651298701298703,73,0,2.1948051948051948
1589,0,6.4450980392156865,18,0,3.019607843137255
1590,1,9.467532467532468,25,0,2.1298701298701297
1591,0,5.109302325581396,16,0,5.162790697674419
1592,0,7.576271186440678,25,0,9.694915254237289
1593,0,11.41764705882353,32,0,5.529411764705882
1594,0,30.04047619047619,79,0,6.238095238095238
1595,1,44.87755102040816,115,0,4.489795918367347
1596,1,54.16557971014493,138,0,4.13768115942029
1597,0,30.111363636363638,79,0,5.954545454545454
1598,1,16.037662337662336,43,0,4.64935064935065
1599,0,7.620588235294118,26,0,11.117647058823529
1600,0,3.104545454545455,11,0,5.181818181818182
1601,0,5.525,17,0,5.1
1602,1,11.481012658227849,30,0,2.0759493670886076
1603,1,17.76538461538462,46,0,2.5384615384615383
1604,1,27.051298701298702,69,0,2.1948051948051948
1605,0,3.7363636363636363,10,0,1.0545454545454545
1606,1,8.027659574468085,21,0,1.4893617021276595
1607,0,3.232867132867133,9,0,1.4685314685314685
1608,1,18.366901408450705,47,0,1.732394366197183
1609,1,22.182812500000004,58,1,6.46875
1610,0,-0.5333333333333328,6,0,11.733333333333333
1611,1,2.312698412698413,12,1,12.34920634920635
1612,0,14.88421052631579,38,0,1.263157894736842
1613,1,18.400000000000002,46,0,0.0
1614,0,4.665384615384616,12,0,0.5384615384615384
1615,1,11.200000000000001,28,0,0.0
1616,1,12.8,32,0,0.0
1617,0,2.0,5,0,0.0
1618,0,5.43173076923077,14,0,0.6730769230769231
1619,0,5.503061224489796,14,0,0.3877551020408163
1620,1,23.13125,59,0,1.875
1621,0,4.680434782608696,12,0,0.4782608695652174
1622,0,6.4,16,0,0.0
1623,0,7.545945945945946,19,0,0.21621621621621623
1624,1,27.963541666666668,70,0,0.14583333333333334
1625,1,8.376744186046512,21,0,0.09302325581395349
1626,1,7.380373831775701,19,0,0.8785046728971962
1627,1,52.95112781954887,135,0,4.195488721804511
1628,0,29.71136363636364,78,0,5.954545454545454
1629,1,16.46842105263158,44,0,4.526315789473684
1630,1,23.375757575757575,62,0,5.696969696969697
1631,0,9.208333333333336,29,0,9.566666666666666
1632,0,0.2666666666666667,1,0,0.5333333333333333
1633,1,26.588372093023256,69,0,4.046511627906977
1634,0,5.163636363636364,17,0,6.545454545454546
1635,0,5.890322580645162,19,0,6.838709677419355
1636,1,14.188372093023258,38,0,4.046511627906977
1637,0,5.104545454545455,16,0,5.181818181818182
1638,0,7.473214285714286,25,0,10.107142857142858
1639,0,10.415730337078651,30,0,6.337078651685394
1640,0,11.868674698795182,33,0,5.325301204819277
1641,0,30.20054945054945,80,0,7.197802197802198
1642,1,49.31972477064221,126,0,4.321100917431193
1643,1,7.140322580645162,19,0,1.8387096774193548
1644,0,0.6375000000000002,3,0,2.25
1645,1,30.108333333333334,77,0,2.7666666666666666
1646,0,17.22151898734177,45,0,3.1139240506329116
1647,0,21.3476821192053,55,0,2.609271523178808
1648,1,50.519724770642206,129,0,4.321100917431193
1649,1,16.649572649572654,41,1,1.4017094017094016
1650,0,7.903353658536587,24,0,6.786585365853658
1651,0,14.54939024390244,41,0,7.402439024390244
1652,1,24.748120300751882,61,1,1.0075187969924813
1653,0,2.054901960784314,7,0,2.980392156862745
1654,1,5.723076923076923,13,1,0.3076923076923077
1655,1,47.7468085106383,122,0,4.212765957446808
1656,0,11.446929824561405,32,0,5.412280701754386
1657,1,16.86842105263158,45,0,4.526315789473684
1658,1,18.975757575757576,51,0,5.696969696969697
1659,0,6.820588235294119,24,0,11.117647058823529
1660,0,2.7045454545454546,10,0,5.181818181818182
1661,0,-0.0318181818181818,1,0,1.7272727272727273
1662,1,25.388372093023257,66,0,4.046511627906977
1663,0,5.163636363636364,17,0,6.545454545454546
1664,0,5.890322580645162,19,0,6.838709677419355
1665,1,11.365909090909092,31,0,4.136363636363637
1666,0,3.9045454545454548,13,0,5.181818181818182
1667,0,7.398148148148149,25,0,10.407407407407407
1668,0,11.233333333333334,32,0,6.266666666666667
1669,0,11.442857142857143,32,0,5.428571428571429
1670,0,17.97857142857143,49,0,6.485714285714286
1671,1,48.919724770642205,125,0,4.321100917431193
1680,0,2.5363636363636366,7,0,1.0545454545454545
1681,0,3.4223684210526315,9,0,0.7105263157894737
1682,0,6.7078014184397174,17,0,0.36879432624113473
1683,0,1.9745222929936306,5,0,0.10191082802547771
1684,0,11.314285714285715,29,0,1.1428571428571428
1685,1,20.674137931034487,53,0,2.103448275862069
1686,0,7.4603174603174605,20,0,2.1587301587301586
1687,1,5.1125,18,1,10.75
1688,0,0.8862903225806451,9,0,10.85483870967742
1689,1,21.931707317073172,54,1,1.0731707317073171
1690,1,22.94090909090909,60,1,6.636363636363637
1691,0,0.2736842105263162,7,0,10.105263157894736
1692,0,1.2076923076923078,9,1,11.96923076923077
1699,0,2.367567567567568,7,0,1.7297297297297298
1700,0,7.2451612903225815,19,0,1.4193548387096775
1701,1,14.188372093023258,38,0,4.046511627906977
1702,0,6.4,16,0,0.0
1703,0,7.220588235294118,25,0,11.117647058823529
1704,0,10.415730337078651,30,0,6.337078651685394
1705,1,12.492056074766356,33,0,2.8317757009345796
1706,1,19.10089285714286,51,0,5.196428571428571
1707,1,20.33448275862069,51,0,0.2620689655172414
1708,1,17.049572649572653,42,1,1.4017094017094016
1709,0,9.383333333333335,27,0,5.666666666666667
1710,0,13.403703703703705,38,0,7.185185185185185
1711,1,23.737121212121213,62,1,6.651515151515151
1712,0,0.20540540540540553,7,0,10.378378378378379
1713,0,1.2076923076923078,9,1,11.96923076923077
1714,0,1.3176470588235296,4,1,3.5294117647058822
1715,1,17.598924731182798,46,0,3.204301075268817
1716,0,2.360752688172043,9,0,4.956989247311828
1734,0,1.3176470588235296,4,1,3.5294117647058822
1735,1,15.341025641025643,39,1,3.4358974358974357
1736,0,9.183597883597884,27,0,6.465608465608466
1737,0,14.149390243902438,40,0,7.402439024390244
1738,1,22.157142857142862,58,1,6.571428571428571
1739,0,0.054901960784313975,7,0,10.980392156862745
1740,1,1.6076923076923073,10,1,11.96923076923077
1745,0,0.4,1,0,0.0
1746,1,7.275806451612903,18,1,2.096774193548387
1747,0,5.998529411764706,17,0,3.2058823529411766
1748,1,28.36447368421053,73,0,3.3421052631578947
1749,1,27.121052631578948,69,0,1.9157894736842105
1750,1,62.41092715231788,157,0,1.5562913907284768
1751,1,65.67450980392158,166,0,2.9019607843137254
1752,1,14.897756410256411,42,0,7.608974358974359
1753,0,5.7034965034965035,18,0,5.986013986013986
1754,0,8.200000000000001,19,1,0.0
1755,1,14.941025641025641,38,1,3.4358974358974357
1756,0,9.383333333333335,27,0,5.666666666666667
1757,0,14.149390243902438,40,0,7.402439024390244
1758,1,61.65934579439253,156,0,2.9626168224299065
1759,1,31.59104938271605,80,0,1.6358024691358024
1760,1,29.825641025641026,77,0,3.8974358974358974
1761,1,25.985897435897435,67,0,3.2564102564102564
1762,1,8.46388888888889,23,0,2.9444444444444446
1763,0,0.4117647058823529,1,1,2.3529411764705883
1764,0,0.0,0,0,0.0
1769,0,2.6,5,1,0.0
1770,1,17.598924731182798,46,0,3.204301075268817
1771,0,1.9942708333333334,8,0,4.822916666666667
1772,0,5.149152542372882,13,0,0.2033898305084746
1788,0,1.7176470588235295,5,1,3.5294117647058822
1789,1,17.590860215053766,46,0,3.236559139784946
1790,0,2.360752688172043,9,0,4.956989247311828
1808,0,1.3176470588235296,4,1,3.5294117647058822
1810,0,4.301960784313726,11,0,0.39215686274509803
1811,0,7.563186813186813,20,0,1.7472527472527473
1812,1,9.698412698412698,25,0,1.2063492063492063
1813,0,1.9312500000000004,6,0,1.875
1814,1,21.914367816091957,56,0,1.9425287356321839
1815,1,12.23969465648855,31,0,0.6412213740458015
1816,0,5.806338028169014,15,0,0.7746478873239436
1817,1,19.60696202531646,48,1,0.7721518987341772
1818,1,29.900000000000002,74,1,1.2
1819,0,1.3176470588235296,4,1,3.5294117647058822
1820,1,17.598924731182798,46,0,3.204301075268817
1821,0,2.360752688172043,9,0,4.956989247311828
1839,0,1.3176470588235296,4,1,3.5294117647058822
1840,0,4.800000000000001,12,0,0.0
1841,0,4.800000000000001,12,0,0.0
1842,0,8.091176470588236,21,0,1.2352941176470589
1843,1,28.651298701298703,73,0,2.1948051948051948
1844,1,16.402040816326533,42,0,1.5918367346938775
1845,0,8.565957446808511,22,0,0.9361702127659575
1846,1,18.085714285714285,47,0,2.857142857142857
1847,1,14.885714285714288,39,0,2.857142857142857
1848,0,10.105882352941176,26,0,1.1764705882352942
1849,1,14.255223880597015,37,0,2.1791044776119404
1850,1,16.565384615384616,43,0,2.5384615384615383
1851,1,27.4512987012987,70,0,2.1948051948051948
1852,1,20.17536231884058,51,0,0.8985507246376812
1853,0,2.5363636363636366,7,0,1.0545454545454545
1854,0,3.4223684210526315,9,0,0.7105263157894737
1855,0,6.306474820143885,16,0,0.37410071942446044
1856,0,1.5743589743589745,4,0,0.10256410256410256
1857,0,10.527777777777779,27,0,1.0888888888888888
1858,1,21.882608695652177,56,0,2.0695652173913044
1859,0,8.380357142857143,22,0,1.6785714285714286
1860,0,5.2,15,0,3.2
1861,1,16.66875,43,0,2.125
1862,0,11.372727272727275,29,0,0.9090909090909091
1863,0,1.978021978021978,5,0,0.08791208791208792
1864,0,0.6796296296296297,2,0,0.48148148148148145
1865,0,5.822368421052632,15,0,0.7105263157894737
1866,0,3.3363636363636364,9,0,1.0545454545454545
1875,0,2.4067010309278354,9,0,4.77319587628866
1876,0,6.672289156626507,19,0,3.710843373493976
1877,0,11.842857142857143,33,0,5.428571428571429
1878,0,17.124324324324323,47,0,6.702702702702703
1879,1,50.88809523809524,130,0,4.447619047619048
1880,0,5.878240740740741,14,1,1.287037037037037
1881,0,2.2770408163265308,7,0,2.0918367346938775
1882,0,10.950000000000001,28,0,1.0
1883,1,20.274137931034485,52,0,2.103448275862069
1884,1,20.11818181818182,51,0,1.1272727272727272
1885,0,4.665384615384616,12,0,0.5384615384615384
1886,1,9.9078125,26,0,1.96875
1887,0,6.7,18,0,2.0
1888,1,11.44758064516129,30,0,2.2096774193548385
1889,1,11.185000000000002,29,0,1.66
1890,1,13.344827586206897,35,0,2.6206896551724137
1891,0,1.2017441860465117,4,0,1.5930232558139534
1892,1,11.525,30,0,1.9
1893,0,1.6,4,0,0.0
1894,0,1.6,4,0,0.0
1895,1,4.0,10,0,0.0
1896,0,0.8027397260273974,3,0,1.5890410958904109
1897,1,12.544827586206898,33,0,2.6206896551724137
1898,1,11.576530612244898,30,0,1.6938775510204083
1899,0,4.144262295081968,12,0,2.622950819672131
1900,0,3.0709302325581396,9,0,2.116279069767442
1901,1,10.307692307692308,27,0,1.9692307692307693
1902,0,4.275,11,0,0.5
1903,1,19.71818181818182,50,0,1.1272727272727272
1904,1,15.869026548672569,41,0,2.1238938053097347
1905,0,9.69078947368421,25,0,1.236842105263158
1906,0,8.700000000000001,23,0,2.0
1907,1,30.26279069767442,75,1,1.3488372093023255
1908,1,48.1468085106383,123,0,4.212765957446808
1909,0,29.71136363636364,78,0,5.954545454545454
1910,0,6.165,20,0,7.34
1911,1,17.598924731182798,46,0,3.204301075268817
1912,0,2.360752688172043,9,0,4.956989247311828
1922,0,2.671559633027523,7,0,0.5137614678899083
1923,0,4.2090551181102365,11,0,0.7637795275590551
1924,0,9.858661417322836,26,0,2.1653543307086616
1925,1,18.670720720720723,48,0,2.1171171171171173
1926,0,9.69078947368421,25,0,1.236842105263158
1927,0,7.9,21,0,2.0
1928,1,30.26279069767442,75,1,1.3488372093023255
1929,1,52.95112781954887,135,0,4.195488721804511
1930,1,53.045394736842105,133,0,0.618421052631579
1931,0,2.258823529411765,6,0,0.5647058823529412
1932,0,5.427702702702703,14,0,0.6891891891891891
1933,0,4.292857142857144,11,0,0.42857142857142855
1934,0,7.05,18,0,0.6
1935,0,6.67857142857143,17,0,0.4857142857142857
1936,1,9.89,26,0,2.04
1937,0,9.29491525423729,24,0,1.2203389830508475
1938,1,16.402040816326533,42,0,1.5918367346938775
1939,0,9.777777777777779,25,0,0.8888888888888888
1940,1,18.085714285714285,47,0,2.857142857142857
1941,1,15.685714285714289,41,0,2.857142857142857
1942,0,10.105882352941176,26,0,1.1764705882352942
1943,1,13.855223880597014,36,0,2.1791044776119404
1944,0,8.164705882352942,21,0,0.9411764705882353
1945,1,8.25,22,0,2.2
1946,0,7.450806451612904,19,0,0.5967741935483871
1947,0,3.8448275862068964,10,0,0.6206896551724138
1948,0,2.692857142857143,7,0,0.42857142857142855
1949,0,5.454938271604939,14,0,0.5802469135802469
1950,0,3.049137931034483,8,0,0.603448275862069
1951,1,33.440909090909095,84,0,0.6363636363636364
1952,1,50.919724770642205,130,0,4.321100917431193
1953,0,5.878240740740741,14,1,1.287037037037037
1954,0,1.8770408163265309,6,0,2.0918367346938775
1955,0,12.165625,31,0,0.9375
1956,1,22.27328244274809,57,0,2.1068702290076335
1957,0,9.454365079365079,25,0,2.1825396825396823
1958,0,6.236448598130841,16,0,0.6542056074766355
1959,0,2.666666666666667,7,0,0.5333333333333333
1960,0,7.2451612903225815,19,0,1.4193548387096775
1961,1,14.188372093023258,38,0,4.046511627906977
1962,0,5.114285714285715,16,0,5.142857142857143
1963,0,7.576271186440678,25,0,9.694915254237289
1964,0,11.233333333333334,32,0,6.266666666666667
1965,0,30.394607843137255,80,0,6.421568627450981
1966,1,47.7468085106383,122,0,4.212765957446808
1967,0,11.446929824561405,32,0,5.412280701754386
1968,1,20.975757575757576,56,0,5.696969696969697
1969,0,9.608333333333334,30,0,9.566666666666666
1970,0,0.4,1,0,0.0
1971,1,26.988372093023255,70,0,4.046511627906977
1972,0,5.5636363636363635,18,0,6.545454545454546
1973,0,5.890322580645162,19,0,6.838709677419355
1974,1,14.188372093023258,38,0,4.046511627906977
1975,0,5.114285714285715,16,0,5.142857142857143
1976,0,7.208333333333335,24,0,9.566666666666666
1977,0,10.415730337078651,30,0,6.337078651685394
1978,1,9.184615384615386,23,1,2.4615384615384617
1979,0,5.564516129032258,15,0,1.7419354838709677
1989,1,9.150000000000002,24,0,1.8
1990,0,1.3176470588235296,4,1,3.5294117647058822
1991,1,21.375757575757575,57,0,5.696969696969697
1992,0,7.620588235294118,26,0,11.117647058823529
1993,0,0.2235294117647059,1,0,0.7058823529411765
1994,1,26.588372093023256,69,0,4.046511627906977
1995,0,5.163636363636364,17,0,6.545454545454546
2004,1,7.540322580645161,20,0,1.8387096774193548
2005,1,17.54032258064516,45,0,1.8387096774193548
2015,0,10.527777777777779,27,0,1.0888888888888888
2016,1,20.274137931034485,52,0,2.103448275862069
2017,0,16.98679245283019,44,0,2.452830188679245
2018,0,4.671287128712872,12,0,0.5148514851485149
2019,1,9.107812500000001,24,0,1.96875
2020,0,5.896575342465754,16,0,2.0136986301369864
2021,0,5.75655737704918,16,0,2.5737704918032787
2022,1,7.881818181818182,21,0,2.0727272727272728
2023,1,6.490909090909092,17,0,1.2363636363636363
2024,1,6.893877551020409,18,0,1.2244897959183674
2025,1,11.576530612244898,30,0,1.6938775510204083
2026,0,6.187500000000001,17,0,2.45
2027,0,3.0709302325581396,9,0,2.116279069767442
2028,1,9.5078125,25,0,1.96875
2029,0,4.275,11,0,0.5
2030,1,19.00909090909091,49,0,2.3636363636363638
2031,1,15.474576271186441,40,0,2.1016949152542375
2032,0,10.170642201834863,26,0,0.9174311926605505
2044,1,15.908620689655175,41,0,1.9655172413793103
2045,0,1.992592592592593,6,0,1.6296296296296295
2046,0,1.991836734693878,6,0,1.6326530612244898
2047,1,11.932786885245902,31,0,1.8688524590163935
2048,1,8.350000000000001,22,0,1.8
2049,0,2.4067010309278354,9,0,4.77319587628866
2050,0,5.472289156626506,16,0,3.710843373493976
2051,1,12.101339285714287,32,0,2.794642857142857
2052,1,19.10089285714286,51,0,5.196428571428571
2053,1,20.17241379310345,52,0,2.510344827586207
2054,0,1.9777777777777779,5,0,0.08888888888888889
2055,0,1.081818181818182,3,0,0.4727272727272727
2056,0,5.822368421052632,15,0,0.7105263157894737
2057,0,3.3363636363636364,9,0,1.0545454545454545
2058,0,2.5363636363636366,7,0,1.0545454545454545
2059,0,3.4223684210526315,9,0,0.7105263157894737
2060,0,6.77163120567376,17,0,0.11347517730496454
2061,0,1.1743589743589746,3,0,0.10256410256410256
2062,1,19.93448275862069,50,0,0.2620689655172414
2063,1,19.10089285714286,51,0,5.196428571428571
2064,1,15.2825,40,0,2.87
2065,1,17.59791666666667,46,0,3.2083333333333335
2066,0,1.9942708333333334,8,0,4.822916666666667
2067,0,4.768965517241379,13,0,1.7241379310344827
2068,1,9.184615384615386,23,1,2.4615384615384617
2069,0,4.0,10,0,0.0
2070,0,3.6,9,0,0.0
2071,0,6.0,15,0,0.0
2072,0,10.8,27,0,0.0
2073,0,17.615625,46,0,3.1375
2074,0,20.145394736842107,52,0,2.6184210526315788
2075,1,44.87755102040816,115,0,4.489795918367347
2076,1,61.73700787401575,157,0,4.251968503937008
2077,0,24.553146853146856,63,0,2.5874125874125875
2078,0,14.82530864197531,39,0,3.0987654320987654
2079,0,3.6,9,0,0.0
2080,0,2.8000000000000003,7,0,0.0
2081,1,10.4,26,0,0.0
2082,0,3.2,8,0,0.0
2083,0,2.4067010309278354,9,0,4.77319587628866
2084,1,9.184615384615386,23,1,2.4615384615384617
2087,0,2.2750000000000004,6,0,0.5
2088,1,9.9078125,26,0,1.96875
2089,0,5.896575342465754,16,0,2.0136986301369864
2090,0,6.177118644067797,17,0,2.4915254237288136
2091,1,10.76818181818182,28,0,1.7272727272727273
2092,1,12.165384615384616,32,0,2.5384615384615383
2093,0,0.30000000000000004,2,0,2.0
2094,1,1.4875000000000003,3,1,1.25
2095,0,0.23333333333333336,1,0,0.6666666666666666
2096,1,4.371794871794872,16,1,10.512820512820513
2097,1,11.600000000000001,29,0,0.0
2098,1,4.5,16,1,10.0
2099,1,7.380373831775701,19,0,0.8785046728971962
2100,1,9.600000000000001,24,0,0.0
2101,1,10.870212765957447,28,0,1.3191489361702127
2102,0,8.891176470588237,23,0,1.2352941176470589
2103,1,30.651298701298703,78,0,2.1948051948051948
2104,0,5.255,15,0,2.98
2105,1,9.867532467532468,26,0,2.1298701298701297
2106,0,5.114285714285715,16,0,5.142857142857143
2107,0,7.23,25,0,11.08
2108,0,10.833333333333334,31,0,6.266666666666667
2109,1,18.790860215053765,49,0,3.236559139784946
2110,0,2.360752688172043,9,0,4.956989247311828
2111,1,10.740322580645163,28,0,1.8387096774193548
2112,1,3.0793103448275865,8,0,0.4827586206896552
2113,0,2.4067010309278354,9,0,4.77319587628866
2114,0,6.672289156626507,19,0,3.710843373493976
2115,1,20.175757575757576,54,0,5.696969696969697
2116,0,8.420588235294119,28,0,11.117647058823529
2117,0,2.0,8,0,4.8
2118,0,5.525,17,0,5.1
2119,1,11.922435897435898,31,0,1.9102564102564104
2120,1,18.165384615384617,47,0,2.5384615384615383
2121,1,26.651298701298703,68,0,2.1948051948051948
2122,1,20.17536231884058,51,0,0.8985507246376812
2123,1,10.030952380952382,26,0,1.4761904761904763
2124,1,5.2718750000000005,14,0,1.3125
2130,0,2.392592592592593,7,0,1.6296296296296295
2131,0,2.8000000000000003,7,0,0.0
2132,1,16.085714285714285,42,0,2.857142857142857
2133,0,10.105882352941176,26,0,1.1764705882352942
2134,1,14.255223880597015,37,0,2.1791044776119404
2135,0,6.964705882352941,18,0,0.9411764705882353
2136,1,9.356410256410259,24,0,0.9743589743589743
2137,1,11.881578947368421,30,0,0.47368421052631576
2138,0,6.77163120567376,17,0,0.11347517730496454
2139,0,1.5745222929936307,4,0,0.10191082802547771
2140,0,11.314285714285715,29,0,1.1428571428571428
2141,1,22.27328244274809,57,0,2.1068702290076335
2142,0,9.05436507936508,24,0,2.1825396825396823
2143,0,10.4,26,0,0.0
2144,0,6.0,15,0,0.0
2145,1,21.914367816091957,56,0,1.9425287356321839
2146,0,2.725316455696203,8,0,1.8987341772151898
2147,1,23.546703296703296,60,0,1.8131868131868132
2148,0,3.6291666666666664,10,0,1.4833333333333334
2149,1,10.33061224489796,27,0,1.8775510204081634
2150,0,1.2027397260273973,4,0,1.5890410958904109
2151,1,12.165384615384616,32,0,2.5384615384615383
2152,0,-0.08333333333333331,1,0,1.9333333333333333
2153,1,1.4875000000000003,3,1,1.25
2154,0,0.23333333333333336,1,0,0.6666666666666666
2155,0,1.3176470588235296,4,1,3.5294117647058822
2156,1,17.598924731182798,46,0,3.204301075268817
2157,0,2.3815789473684212,9,0,4.873684210526315
2158,1,9.140322580645163,24,0,1.8387096774193548
2159,0,0.6375000000000002,3,0,2.25
2160,1,28.108333333333334,72,0,2.7666666666666666
2161,0,18.0,45,0,0.0
2162,0,20.14,52,0,2.64
2163,0,27.71136363636364,73,0,5.954545454545454
2164,0,14.778481012658228,40,0,4.886075949367089
2165,1,11.706521739130435,31,0,2.773913043478261
2166,1,18.700892857142858,50,0,5.196428571428571
2167,1,19.77241379310345,51,0,2.510344827586207
2168,1,31.495,79,0,0.42
2169,1,14.252713178294574,36,0,0.5891472868217055
2170,1,21.914367816091957,56,0,1.9425287356321839
2171,0,2.7192307692307693,8,0,1.9230769230769231
2172,1,23.136516853932587,59,0,1.853932584269663
2173,0,3.6291666666666664,10,0,1.4833333333333334
2174,1,9.93061224489796,26,0,1.8775510204081634
2175,0,1.2027397260273973,4,0,1.5890410958904109
2176,0,4.652586206896552,13,0,2.189655172413793
2177,1,13.1765306122449,34,0,1.6938775510204083
2178,0,6.1571428571428575,17,0,2.5714285714285716
2179,0,2.6794117647058826,8,0,2.0823529411764707
2180,1,10.707575757575759,28,0,1.9696969696969697
2181,0,1.8728813559322033,5,0,0.5084745762711864
2185,1,9.150000000000002,24,0,1.8
2186,1,9.540322580645162,25,0,1.8387096774193548
2187,0,1.9500000000000004,6,0,1.8
2188,0,4.766666666666667,13,0,1.7333333333333334
2192,1,3.2,8,0,0.0
2193,0,2.806701030927835,10,0,4.77319587628866
2194,0,7.104651162790698,20,0,3.5813953488372094
2195,1,11.706521739130435,31,0,2.773913043478261
2196,1,19.10089285714286,51,0,5.196428571428571
2197,1,19.372413793103448,50,0,2.510344827586207
2198,0,6.381468531468532,19,0,4.874125874125874
2199,0,14.54939024390244,41,0,7.402439024390244
2200,1,23.749624060150378,62,1,6.601503759398496
2201,1,7.780373831775701,20,0,0.8785046728971962
2202,1,5.194827586206897,14,0,1.6206896551724137
2203,0,4.0,10,0,0.0
2204,1,20.043902439024393,53,1,7.024390243902439
2205,1,18.227083333333333,50,0,7.091666666666667
2206,0,5.7034965034965035,18,0,5.986013986013986
2207,1,17.785135135135135,46,0,2.4594594594594597
2208,1,19.10089285714286,51,0,5.196428571428571
2209,1,16.0825,42,0,2.87
2210,1,17.590860215053766,46,0,3.236559139784946
2211,0,2.4067010309278354,9,0,4.77319587628866
2212,1,9.940322580645162,26,0,1.8387096774193548
2213,0,6.27824074074074,15,1,1.287037037037037
2214,0,1.8770408163265309,6,0,2.0918367346938775
2215,0,10.950000000000001,28,0,1.0
2216,1,19.465811965811966,50,0,2.1367521367521367
2217,1,20.11818181818182,51,0,1.1272727272727272
2218,1,18.8,47,0,0.0
2219,1,19.200000000000003,48,0,0.0
2220,1,15.600000000000001,39,0,0.0
2221,1,21.914367816091957,56,0,1.9425287356321839
2222,0,2.7192307692307693,8,0,1.9230769230769231
2223,1,23.146703296703297,59,0,1.8131868131868132
2224,0,3.6291666666666664,10,0,1.4833333333333334
2225,0,2.4000000000000004,6,0,0.0
2226,0,0.4,1,0,0.0
2227,1,9.200000000000001,23,0,0.0
2228,0,14.4,36,0,0.0
2229,0,0.8,2,0,0.0
2230,1,9.600000000000001,24,0,0.0
2231,1,5.2718750000000005,14,0,1.3125
2232,0,1.2000000000000002,3,0,0.0
2233,0,14.0,35,0,0.0
2234,0,7.2,18,0,0.0
2235,0,0.8,2,0,0.0
2236,0,2.0,5,0,0.0
2237,0,3.6291666666666664,10,0,1.4833333333333334
2238,1,30.269444444444446,77,0,2.1222222222222222
2239,0,1.9312500000000004,6,0,1.875
2240,1,21.514367816091955,55,0,1.9425287356321839
2241,1,14.4,36,0,0.0
2242,1,19.6,49,0,0.0
2243,1,22.8,57,0,0.0
2244,1,18.91818181818182,48,0,1.1272727272727272
2245,1,16.269827586206898,42,0,2.1206896551724137
2246,0,9.295945945945947,24,0,1.2162162162162162
2247,0,7.9,21,0,2.0
2248,1,30.664705882352944,76,1,1.3411764705882352
2249,0,0.23333333333333336,1,0,0.6666666666666666
2250,0,0.11621621621621625,1,0,1.135135135135135
2251,1,7.6833333333333345,19,1,2.066666666666667
2252,1,17.123809523809527,44,0,1.9047619047619047
2253,0,5.998529411764706,17,0,3.2058823529411766
2254,1,28.36447368421053,73,0,3.3421052631578947
2255,1,27.115957446808512,69,0,1.9361702127659575
2256,1,61.21092715231788,154,0,1.5562913907284768
2257,1,66.0797619047619,167,0,2.880952380952381
2258,0,11.154347826086958,29,0,1.7826086956521738
2259,0,2.797315436241611,8,0,1.610738255033557
2260,1,4.783333333333333,13,0,1.6666666666666667
2261,1,8.255072463768116,21,0,0.5797101449275363
2262,0,3.4223684210526315,9,0,0.7105263157894737
2263,1,10.259375,26,0,0.5625
2264,0,7.7625,20,0,0.95
2265,1,8.25,22,0,2.2
2266,0,7.2,18,0,0.0
2267,1,18.8,47,0,0.0
2268,0,9.615730337078652,28,0,6.337078651685394
2269,0,30.427108433734936,81,0,7.891566265060241
2270,1,51.35112781954888,131,0,4.195488721804511
2271,0,11.046929824561404,31,0,5.412280701754386
2272,1,20.975757575757576,56,0,5.696969696969697
2273,1,16.0,40,0,0.0
2274,0,8.0,20,0,0.0
2275,1,9.88076923076923,26,0,2.076923076923077
2276,1,8.956410256410258,23,0,0.9743589743589743
2277,1,11.881578947368421,30,0,0.47368421052631576
2278,0,5.822368421052632,15,0,0.7105263157894737
2279,0,1.855072463768116,5,0,0.5797101449275363
2280,1,7.627659574468085,20,0,1.4893617021276595
2281,0,3.2267361111111112,9,0,1.4930555555555556
2282,1,18.367375886524822,47,0,1.7304964539007093
2283,1,61.66620370370371,156,0,2.935185185185185
2284,1,34.791049382716054,88,0,1.6358024691358024
2285,1,31.05,80,0,3.8
2286,1,25.985897435897435,67,0,3.2564102564102564
2287,1,8.06388888888889,22,0,2.9444444444444446
2288,1,18.358823529411765,47,0,1.7647058823529411
2289,0,0.45945945945945943,1,1,2.1621621621621623
2290,1,2.1763157894736844,6,0,0.8947368421052632
2291,0,-0.25,0,0,1.0
2292,1,11.270212765957448,29,0,1.3191489361702127
2293,0,7.6911764705882355,20,0,1.2352941176470589
2294,1,29.4512987012987,75,0,2.1948051948051948
2295,0,5.245098039215686,15,0,3.019607843137255
2296,1,11.06753246753247,29,0,2.1298701298701297
2297,0,4.304545454545455,14,0,5.181818181818182
2298,0,7.220588235294118,25,0,11.117647058823529
2299,0,11.233333333333334,32,0,6.266666666666667
2300,0,30.427108433734936,81,0,7.891566265060241
2301,1,50.11972477064221,128,0,4.321100917431193
2302,1,47.7468085106383,122,0,4.212765957446808
2303,0,28.511363636363637,75,0,5.954545454545454
2304,1,16.86842105263158,45,0,4.526315789473684
2305,0,8.586363636363638,28,0,10.454545454545455
2306,0,2.0,8,0,4.8
2307,0,5.525,17,0,5.1
2308,1,12.303125000000001,32,0,1.9875
2309,1,20.165384615384617,52,0,2.5384615384615383
2310,1,27.051298701298702,69,0,2.1948051948051948
2311,1,20.17536231884058,51,0,0.8985507246376812
2312,1,10.430952380952382,27,0,1.4761904761904763
2313,0,2.5363636363636366,7,0,1.0545454545454545
2314,0,1.855072463768116,5,0,0.5797101449275363
2315,1,7.627659574468085,20,0,1.4893617021276595
2316,0,3.2267361111111112,9,0,1.4930555555555556
2317,1,18.366901408450705,47,0,1.732394366197183
2318,0,14.497756410256413,41,0,7.608974358974359
2319,0,5.990492957746479,18,0,4.838028169014085
2320,0,4.818881118881119,13,0,1.5244755244755244
2321,1,18.406962025316457,45,1,0.7721518987341772
2322,1,20.674137931034487,53,0,2.103448275862069
2323,0,8.660317460317462,23,0,2.1587301587301586
2324,0,6.800000000000001,19,0,3.2
2325,1,16.269827586206898,42,0,2.1206896551724137
2326,0,11.545833333333334,28,1,1.0166666666666666
2327,0,4.821527777777778,13,0,1.5138888888888888
2328,0,9.394736842105264,27,0,5.621052631578947
2329,0,14.54939024390244,41,0,7.402439024390244
2330,0,11.154347826086958,29,0,1.7826086956521738
2331,0,2.397315436241611,7,0,1.610738255033557
2332,1,4.373170731707318,12,0,1.7073170731707317
2333,1,8.655072463768116,22,0,0.5797101449275363
2334,0,3.3363636363636364,9,0,1.0545454545454545
2335,1,5.2718750000000005,14,0,1.3125
